1,1,449,203,31,76,-1,-1,-1,-1
1,2,215,172,50,120,-1,-1,-1,-1
1,3,283,147,77,186,-1,-1,-1,-1
2,1,449,202,32,77,-1,-1,-1,-1
2,2,214,169,52,125,-1,-1,-1,-1
2,3,287,148,76,184,-1,-1,-1,-1
3,1,448,203,32,78,-1,-1,-1,-1
3,2,214,166,51,123,-1,-1,-1,-1
3,3,290,148,74,178,-1,-1,-1,-1
4,1,447,206,31,76,-1,-1,-1,-1
4,2,214,171,52,125,-1,-1,-1,-1
4,3,289,140,83,202,-1,-1,-1,-1
5,1,448,208,30,73,-1,-1,-1,-1
5,2,215,173,50,122,-1,-1,-1,-1
5,3,293,134,87,210,-1,-1,-1,-1
6,1,447.18,208.954,31,74,-1,-1,-1,-1
6,2,214,170.943,52,125,-1,-1,-1,-1
6,3,294.718,130.137,91,220,-1,-1,-1,-1
7,1,448.435,211.543,29,70,-1,-1,-1,-1
7,2,214,172.804,51,124,-1,-1,-1,-1
7,3,299.899,133.181,89,214,-1,-1,-1,-1
8,1,448.156,211.274,30,72,-1,-1,-1,-1
8,2,213,171.281,53,128,-1,-1,-1,-1
8,3,305.471,135.12,87,211,-1,-1,-1,-1
9,1,448.885,211.099,30,73,-1,-1,-1,-1
9,2,212.897,168.516,55,133,-1,-1,-1,-1
9,3,310.082,130.725,91,221,-1,-1,-1,-1
10,1,449.29,210.551,31,75,-1,-1,-1,-1
10,2,213.957,168.032,56,135,-1,-1,-1,-1
10,3,317.371,127.093,95,230,-1,-1,-1,-1
11,1,450.712,211.179,31,76,-1,-1,-1,-1
11,2,215.109,169.19,56,136,-1,-1,-1,-1
11,3,325.168,122.291,99,240,-1,-1,-1,-1
12,1,453.4,213.381,31,74,-1,-1,-1,-1
12,2,214.865,167.374,58,141,-1,-1,-1,-1
12,3,332.181,116.668,105,253,-1,-1,-1,-1
13,1,455.233,212.271,31,75,-1,-1,-1,-1
13,2,214.31,166.254,60,144,-1,-1,-1,-1
13,3,337.775,106.742,113,273,-1,-1,-1,-1
14,1,456.797,213.922,31,74,-1,-1,-1,-1
14,2,213.526,164.902,61,147,-1,-1,-1,-1
14,3,346.377,105.561,115,278,-1,-1,-1,-1
15,1,458.709,214.301,30,73,-1,-1,-1,-1
15,2,212.586,161.849,63,153,-1,-1,-1,-1
15,3,353.913,99.213,120,290,-1,-1,-1,-1
16,1,459.439,214.048,31,74,-1,-1,-1,-1
16,2,211.117,158.718,66,159,-1,-1,-1,-1
16,3,361.643,94.6005,125,301,-1,-1,-1,-1
17,1,465.217,219.644,26,64,-1,-1,-1,-1
17,2,207.286,152.558,71,172,-1,-1,-1,-1
17,3,368.204,86.5814,135,326,-1,-1,-1,-1
18,1,465.013,216.043,29.8,72,-1,-1,-1,-1
18,2,207.228,152.968,70,169,-1,-1,-1,-1
18,3,376.152,73.3416,146,352,-1,-1,-1,-1
19,1,466.808,216.443,29.56,71.4,-1,-1,-1,-1
19,2,204.617,150.518,72,174,-1,-1,-1,-1
19,3,387.581,64.7652,150,363,-1,-1,-1,-1
20,1,468.603,217.842,29.272,70.88,-1,-1,-1,-1
20,2,202.078,148.201,73,177,-1,-1,-1,-1
20,3,398.528,53.4382,157,379,-1,-1,-1,-1
21,2,198.778,145.997,75,182,-1,-1,-1,-1
21,3,414.192,46.6137,162,393,-1,-1,-1,-1
21,1,470.398,218.242,29.1264,70.456,-1,-1,-1,-1
22,2,195.829,143.881,77,185,-1,-1,-1,-1
22,3,434.102,62.0248,150,362.6,-1,-1,-1,-1
22,1,473.193,218.641,28.7517,69.7472,-1,-1,-1,-1
23,2,193.894,145.694,76,184,-1,-1,-1,-1
23,3,446.013,57.436,153,369.92,-1,-1,-1,-1
23,1,473.988,219.041,29.302,70.8966,-1,-1,-1,-1
24,2,186.57,134.15,85,204,-1,-1,-1,-1
24,1,475.783,219.441,29.2024,70.676,-1,-1,-1,-1
24,3,459.923,54.8471,154.4,373.504,-1,-1,-1,-1
25,1,461.311,209.62,31,76,-1,-1,-1,-1
25,2,183.022,133.314,85,205,-1,-1,-1,-1
25,3,472.833,53.2582,155.28,375.605,-1,-1,-1,-1
26,1,460.477,209.586,32,76,-1,-1,-1,-1
26,2,177.605,132.218,88,212,-1,-1,-1,-1
26,3,487.743,53.6694,154.936,374.926,-1,-1,-1,-1
27,1,460.075,208.065,32,77,-1,-1,-1,-1
27,2,170.626,126.901,92,221,-1,-1,-1,-1
27,3,501.654,54.0805,153.523,371.311,-1,-1,-1,-1
28,1,460.286,208.328,32,76,-1,-1,-1,-1
28,2,166.054,125.046,93,225,-1,-1,-1,-1
28,3,515.564,52.4916,154.228,373.053,-1,-1,-1,-1
29,1,460.932,206.876,32,77,-1,-1,-1,-1
29,2,158.426,115.098,99,240,-1,-1,-1,-1
29,3,529.474,51.9028,154.473,373.68,-1,-1,-1,-1
30,1,461.431,206.641,32,77,-1,-1,-1,-1
30,2,150.899,105.503,105,254,-1,-1,-1,-1
31,1,461.338,206.112,32,78,-1,-1,-1,-1
31,2,140.764,93.164,114,275,-1,-1,-1,-1
32,1,461.686,205.803,32,78,-1,-1,-1,-1
32,2,131.791,85.9518,119,287,-1,-1,-1,-1
33,1,461.795,205.091,33,79,-1,-1,-1,-1
33,2,121.592,77.1337,127,306,-1,-1,-1,-1
34,1,463.562,206.36,32,77,-1,-1,-1,-1
34,2,109.993,68.3237,135,326,-1,-1,-1,-1
35,1,464.047,206.587,32,78,-1,-1,-1,-1
35,2,92.2712,50.7504,150,363,-1,-1,-1,-1
36,1,463.317,204.765,33,81,-1,-1,-1,-1
36,2,76.2497,42.0998,157,380,-1,-1,-1,-1
37,1,464.433,207.326,32,78,-1,-1,-1,-1
37,2,60.086,28.7603,169,409,-1,-1,-1,-1
38,1,464.879,208.292,32,76,-1,-1,-1,-1
38,2,53.3123,39.8344,162,391,-1,-1,-1,-1
39,1,464.715,207.374,32,76,-1,-1,-1,-1
39,2,43.0043,47.9735,155,376,-1,-1,-1,-1
40,1,464.969,205.689,32,78,-1,-1,-1,-1
40,2,31.4555,44.6493,158.6,383.8,-1,-1,-1,-1
40,4,186,187,42,102,-1,-1,-1,-1
41,1,465.116,205.218,32,78,-1,-1,-1,-1
41,2,19.9066,43.3251,160.32,387.96,-1,-1,-1,-1
41,4,185.494,187.274,42,100,-1,-1,-1,-1
42,1,465.619,204.924,32,77,-1,-1,-1,-1
42,2,9.35774,43.0009,160.984,389.552,-1,-1,-1,-1
42,4,183.086,185.088,43,103,-1,-1,-1,-1
43,1,466.382,204.767,32,77,-1,-1,-1,-1
43,4,181.393,182.515,44,107,-1,-1,-1,-1
43,2,-1.19113,45.6768,159.381,385.662,-1,-1,-1,-1
44,1,467.321,204.273,32,77,-1,-1,-1,-1
44,4,178.524,180.25,46,110,-1,-1,-1,-1
44,2,-10.74,47.3526,158.857,384.595,-1,-1,-1,-1
45,1,468.367,204.528,31,76,-1,-1,-1,-1
45,4,177.102,181.408,43,105,-1,-1,-1,-1
45,2,-22.2889,47.0284,159.628,386.314,-1,-1,-1,-1
46,1,469.036,203.61,31,76,-1,-1,-1,-1
46,4,173.74,179.321,45,109,-1,-1,-1,-1
46,2,-32.8377,47.7042,159.834,386.817,-1,-1,-1,-1
47,1,469.277,200.151,33,80,-1,-1,-1,-1
47,4,172.748,177.485,46,112,-1,-1,-1,-1
47,2,-43.3866,48.38,159.737,386.588,-1,-1,-1,-1
48,1,471.067,200.618,32,78,-1,-1,-1,-1
48,4,171.17,180.25,44,107,-1,-1,-1,-1
48,2,-53.9355,49.0559,159.487,385.995,-1,-1,-1,-1
49,1,471.508,199.497,32,78,-1,-1,-1,-1
49,4,168.135,179.46,45,110,-1,-1,-1,-1
50,1,472.13,199.233,32,78,-1,-1,-1,-1
50,4,164.667,176.212,48,116,-1,-1,-1,-1
50,5,323,207,25,61,-1,-1,-1,-1
51,1,472.9,199.607,32,78,-1,-1,-1,-1
51,4,161.322,174.91,49,119,-1,-1,-1,-1
51,5,323.938,208.461,25,59,-1,-1,-1,-1
51,6,348,208,25,60,-1,-1,-1,-1
52,1,473.781,199.553,32,78,-1,-1,-1,-1
52,4,160.087,176.437,48,117,-1,-1,-1,-1
52,5,324.222,206.149,26,63,-1,-1,-1,-1
52,6,349.029,208.574,25,60,-1,-1,-1,-1
53,1,474.74,199.575,32,78,-1,-1,-1,-1
53,4,156.512,174.803,50,122,-1,-1,-1,-1
53,5,325.286,208.345,25,59,-1,-1,-1,-1
53,6,349.95,207.626,25,61,-1,-1,-1,-1
54,1,476.179,199.639,32,78,-1,-1,-1,-1
54,4,152.691,175.034,51,122,-1,-1,-1,-1
54,5,325.943,207.868,25,61,-1,-1,-1,-1
54,6,349.912,205.131,27,65,-1,-1,-1,-1
55,1,476.527,199.15,33,79,-1,-1,-1,-1
55,4,148.279,173.026,53,127,-1,-1,-1,-1
55,5,325.318,204.296,28,67,-1,-1,-1,-1
55,6,350.451,204.746,27,65,-1,-1,-1,-1
56,1,476.916,198.542,34,81,-1,-1,-1,-1
56,4,144.893,172.272,53,129,-1,-1,-1,-1
56,5,324.929,202.393,29,70,-1,-1,-1,-1
56,6,351.144,203.451,28,68,-1,-1,-1,-1
57,1,475.892,196.251,37,88,-1,-1,-1,-1
57,4,141.999,172.38,54,129,-1,-1,-1,-1
57,5,326.716,203.018,28,69,-1,-1,-1,-1
57,6,352.39,204.103,28,67,-1,-1,-1,-1
58,1,476.163,197.607,36,88,-1,-1,-1,-1
58,4,137.195,170.396,55,133,-1,-1,-1,-1
58,5,326.629,202.056,29,71,-1,-1,-1,-1
58,6,354.033,206.443,27,65,-1,-1,-1,-1
59,1,478.22,202.111,33,79,-1,-1,-1,-1
59,4,132.596,169.655,57,137,-1,-1,-1,-1
59,5,327.192,201.639,30,72,-1,-1,-1,-1
59,6,355.512,206.388,28,67,-1,-1,-1,-1
60,1,475.913,196.248,39,93,-1,-1,-1,-1
60,4,131.326,173.171,54.4,131,-1,-1,-1,-1
60,5,327.488,200.758,30,73,-1,-1,-1,-1
60,6,357.275,206.997,28,68,-1,-1,-1,-1
61,1,476.749,195.984,40,96,-1,-1,-1,-1
61,5,327.463,199.287,32,78,-1,-1,-1,-1
61,6,357.794,204.478,30,72,-1,-1,-1,-1
61,4,121.202,162.606,62,149,-1,-1,-1,-1
62,1,477.686,198.267,39,94,-1,-1,-1,-1
62,5,328.08,201.105,32,76,-1,-1,-1,-1
62,6,359.546,204.872,30,72,-1,-1,-1,-1
62,4,109.684,151.794,71,171,-1,-1,-1,-1
63,1,480.552,202.245,38,91,-1,-1,-1,-1
63,5,328.718,200.54,33,79,-1,-1,-1,-1
63,6,361.324,205.408,31,74,-1,-1,-1,-1
63,4,104.134,151.91,71,172,-1,-1,-1,-1
64,1,483.08,204.967,37,88,-1,-1,-1,-1
64,4,100.463,151.111,71,171,-1,-1,-1,-1
64,5,329.801,199.664,34,81,-1,-1,-1,-1
64,6,363.965,206.037,31,74,-1,-1,-1,-1
65,1,485.745,205.262,36,88,-1,-1,-1,-1
65,4,92.9548,144.265,78,188,-1,-1,-1,-1
65,5,332.303,203.385,32,77,-1,-1,-1,-1
65,6,366.02,206.687,31,75,-1,-1,-1,-1
66,1,487.017,205.711,37,88,-1,-1,-1,-1
66,4,88.1039,142.989,80,193,-1,-1,-1,-1
66,5,333.672,204.122,32,78,-1,-1,-1,-1
66,6,367.617,205.916,32,78,-1,-1,-1,-1
67,1,487.856,201.746,40,98,-1,-1,-1,-1
67,4,78.8339,140.343,83,200,-1,-1,-1,-1
67,5,332.92,200.958,35,85,-1,-1,-1,-1
67,6,367.747,201.504,36,86,-1,-1,-1,-1
68,1,487.215,195.635,45,108,-1,-1,-1,-1
68,4,69.4872,138.07,84,203,-1,-1,-1,-1
68,5,334.639,202.573,34,82,-1,-1,-1,-1
68,6,370.715,200.659,35,85,-1,-1,-1,-1
69,1,491.647,200.122,40,97,-1,-1,-1,-1
69,4,55.0349,133.786,87,211,-1,-1,-1,-1
69,5,334.835,198.735,36,87,-1,-1,-1,-1
69,6,373.986,201.414,34,83,-1,-1,-1,-1
70,1,492.816,201.698,39,93,-1,-1,-1,-1
70,4,43.7157,128.666,91,220,-1,-1,-1,-1
70,5,334.966,196.621,37,90,-1,-1,-1,-1
70,6,375.573,201.657,35,84,-1,-1,-1,-1
70,7,223,203,28,68,-1,-1,-1,-1
71,1,497.382,207.645,32,77,-1,-1,-1,-1
71,5,336.044,195.794,37,90,-1,-1,-1,-1
71,6,378.39,199.404,36,88,-1,-1,-1,-1
71,7,223.623,202.733,28,68,-1,-1,-1,-1
71,4,38.3447,135.467,85,205.4,-1,-1,-1,-1
72,1,497.971,207.164,31,75,-1,-1,-1,-1
72,5,336.516,192.663,39,95,-1,-1,-1,-1
72,6,380.358,196.78,38,92,-1,-1,-1,-1
72,7,223.377,202.716,28,68,-1,-1,-1,-1
72,4,29.9737,134.268,86,207.88,-1,-1,-1,-1
73,1,499.486,205.752,32,76,-1,-1,-1,-1
73,5,338.273,193.628,39,94,-1,-1,-1,-1
73,6,383.417,195.469,38,92,-1,-1,-1,-1
73,7,223.144,200.267,30,72,-1,-1,-1,-1
73,4,21.6028,133.069,86.6,209.456,-1,-1,-1,-1
74,1,500.705,201.293,34,83,-1,-1,-1,-1
74,5,341.655,196.085,37,90,-1,-1,-1,-1
74,6,386.384,193.549,39,93,-1,-1,-1,-1
74,7,224.367,201.987,28.4,68.6,-1,-1,-1,-1
74,4,12.2318,132.869,87.12,210.747,-1,-1,-1,-1
75,1,501.983,199.252,35,86,-1,-1,-1,-1
75,5,342.031,192.454,41,98,-1,-1,-1,-1
75,6,389.126,191.393,41,98,-1,-1,-1,-1
75,7,224.59,201.707,28.48,68.92,-1,-1,-1,-1
75,4,3.8608,132.67,87.144,210.697,-1,-1,-1,-1
76,1,503.83,198.631,36,86,-1,-1,-1,-1
76,5,343.928,190.864,42,100,-1,-1,-1,-1
76,6,392.651,191.674,41,99,-1,-1,-1,-1
76,7,224.813,200.426,28.576,69.104,-1,-1,-1,-1
76,4,-3.51019,133.471,86.3728,208.836,-1,-1,-1,-1
77,1,505.763,198.323,35,85,-1,-1,-1,-1
77,5,344.446,187.858,44,105,-1,-1,-1,-1
77,6,397.423,194.246,39,95,-1,-1,-1,-1
77,7,225.036,200.146,28.6912,69.3248,-1,-1,-1,-1
78,1,507.321,195.499,36,88,-1,-1,-1,-1
78,5,346.552,188.871,43,103,-1,-1,-1,-1
78,6,401.362,193.796,39,95,-1,-1,-1,-1
78,7,225.26,199.866,28.8294,69.5898,-1,-1,-1,-1
79,1,508.6,195.718,35,85,-1,-1,-1,-1
79,5,347.8,186.462,44,107,-1,-1,-1,-1
79,6,403.107,189.149,42,102,-1,-1,-1,-1
79,7,225.483,199.586,28.5953,69.1077,-1,-1,-1,-1
80,1,510.119,196.9,36,87,-1,-1,-1,-1
80,5,348.143,185.336,47,113,-1,-1,-1,-1
80,6,404.127,184.119,47,113,-1,-1,-1,-1
80,7,225.706,199.306,28.6344,69.2093,-1,-1,-1,-1
81,1,511.399,200.628,35,83,-1,-1,-1,-1
81,5,350.007,186.285,47,114,-1,-1,-1,-1
81,6,407.378,184.894,47,113,-1,-1,-1,-1
81,7,225.929,199.026,28.6653,69.2671,-1,-1,-1,-1
82,1,512.511,202.189,35,86,-1,-1,-1,-1
82,5,349.929,182.341,51,123,-1,-1,-1,-1
82,6,410.475,185.762,48,116,-1,-1,-1,-1
82,7,226.152,198.746,28.6831,69.2997,-1,-1,-1,-1
83,1,514.081,205.41,34,83,-1,-1,-1,-1
83,5,350.894,179.587,54,129,-1,-1,-1,-1
83,6,415.203,189.818,47,113,-1,-1,-1,-1
83,7,226.376,198.466,28.6815,69.2947,-1,-1,-1,-1
84,1,513.709,205.86,35,86,-1,-1,-1,-1
84,5,352.318,180.386,55,132,-1,-1,-1,-1
84,6,420.262,192.365,47,114,-1,-1,-1,-1
85,1,515.277,207.565,35,85,-1,-1,-1,-1
85,5,354.208,180.464,56,136,-1,-1,-1,-1
85,6,422.639,188.438,52,125,-1,-1,-1,-1
86,1,517.118,209.017,35,85,-1,-1,-1,-1
86,5,357.418,183.123,56,136,-1,-1,-1,-1
86,6,426.76,188.114,54,130,-1,-1,-1,-1
87,1,518.565,205.407,38,93,-1,-1,-1,-1
87,5,358.157,177.857,62,149,-1,-1,-1,-1
87,6,431.976,188.62,54,130,-1,-1,-1,-1
88,1,521.422,208.758,37,89,-1,-1,-1,-1
88,5,360.661,175.426,65,156,-1,-1,-1,-1
88,6,436.653,187.875,56,135,-1,-1,-1,-1
89,1,524.232,209.257,36,88,-1,-1,-1,-1
89,5,365.658,173.283,65,158,-1,-1,-1,-1
89,6,443.495,191.154,55,133,-1,-1,-1,-1
90,1,525.961,206.839,37,90,-1,-1,-1,-1
90,5,370.8,170.243,67,161,-1,-1,-1,-1
90,6,450.271,190.252,56,136,-1,-1,-1,-1
91,1,528.067,204.264,38,92,-1,-1,-1,-1
91,5,374.397,164.817,71,171,-1,-1,-1,-1
91,6,452.621,181.743,62,149,-1,-1,-1,-1
91,7,228.99,206.892,27,66,-1,-1,-1,-1
92,1,529.551,201.235,39,93,-1,-1,-1,-1
92,5,379.792,162.478,73,175,-1,-1,-1,-1
92,6,460.339,179.279,61,148,-1,-1,-1,-1
92,7,229.68,205.975,28,66,-1,-1,-1,-1
93,1,532.447,200.385,38,92,-1,-1,-1,-1
93,5,384.847,158.364,75,182,-1,-1,-1,-1
93,6,466.064,171.116,66,160,-1,-1,-1,-1
93,7,230.032,205.091,28.1996,67.9592,-1,-1,-1,-1
94,1,534.335,200.601,37,89,-1,-1,-1,-1
94,5,387.583,151.866,81,196,-1,-1,-1,-1
94,6,473.435,166.067,70,168,-1,-1,-1,-1
94,7,230.385,205.206,28.1061,67.6976,-1,-1,-1,-1
95,1,535.367,199.204,38,91,-1,-1,-1,-1
95,5,392.483,149.421,83,200,-1,-1,-1,-1
95,6,480.799,157.328,77,186,-1,-1,-1,-1
95,7,230.737,205.321,27.9945,67.3847,-1,-1,-1,-1
96,1,537.152,198.368,38,91.4,-1,-1,-1,-1
96,5,395.488,140.119,90,218,-1,-1,-1,-1
96,6,489.761,152.54,82,198,-1,-1,-1,-1
96,7,226.792,202.891,30,73,-1,-1,-1,-1
97,1,538.938,197.532,38,91.28,-1,-1,-1,-1
97,5,402.713,139.662,91,221,-1,-1,-1,-1
97,6,499.261,152.386,84,202,-1,-1,-1,-1
97,7,226.759,203.045,30,73,-1,-1,-1,-1
98,1,540.724,197.695,37.8,90.936,-1,-1,-1,-1
98,5,408.096,131.952,99,238,-1,-1,-1,-1
98,6,505.888,144.449,90,217,-1,-1,-1,-1
98,7,225.259,201.178,31,75,-1,-1,-1,-1
99,5,421.076,137.716,96,232,-1,-1,-1,-1
99,6,516.282,141.863,93,224,-1,-1,-1,-1
99,7,225.411,201.168,31,74,-1,-1,-1,-1
99,1,542.509,196.859,37.76,90.7232,-1,-1,-1,-1
100,5,435.676,140.837,96,233,-1,-1,-1,-1
100,6,527.814,139.14,97,235,-1,-1,-1,-1
100,7,225.559,200.355,31,75,-1,-1,-1,-1
100,8,390,194,40,97,-1,-1,-1,-1
100,1,544.295,195.023,37.912,91.0678,-1,-1,-1,-1
101,5,440.144,114.623,115,279,-1,-1,-1,-1
101,6,552.046,163.732,78,188,-1,-1,-1,-1
101,7,225.257,199.661,32,76,-1,-1,-1,-1
101,8,391.523,192.721,42,100,-1,-1,-1,-1
101,1,546.081,194.187,37.8944,91.0814,-1,-1,-1,-1
102,5,450.998,92.8727,132,319,-1,-1,-1,-1
102,6,559.099,151.727,88.4,213.2,-1,-1,-1,-1
102,7,224.618,198.628,32,77,-1,-1,-1,-1
102,8,393.838,191.113,42,103,-1,-1,-1,-1
102,1,547.866,193.351,37.8733,91.0177,-1,-1,-1,-1
103,5,465.945,85.5369,137,332,-1,-1,-1,-1
103,6,570.152,151.722,89.28,215.44,-1,-1,-1,-1
103,7,223.621,196.654,34,81,-1,-1,-1,-1
103,8,396.021,192.868,42,102,-1,-1,-1,-1
103,1,549.652,193.514,37.8479,90.9652,-1,-1,-1,-1
104,5,483.205,84.324,139,335,-1,-1,-1,-1
104,7,223.667,197.275,33,79,-1,-1,-1,-1
104,8,399.017,192.947,42,102,-1,-1,-1,-1
104,9,421,186,44,105,-1,-1,-1,-1
104,1,551.437,192.678,37.8575,90.9711,-1,-1,-1,-1
104,6,582.205,152.717,89.136,215.128,-1,-1,-1,-1
105,5,506.82,102.187,123.8,299.6,-1,-1,-1,-1
105,7,222.864,197.027,33,79,-1,-1,-1,-1
105,8,401.559,192.876,43,104,-1,-1,-1,-1
105,9,423.853,186.046,43,105,-1,-1,-1,-1
105,6,595.258,154.713,88.3632,213.354,-1,-1,-1,-1
106,5,519.435,96.0504,129.36,312.92,-1,-1,-1,-1
106,7,223.542,197.796,32.8,78.4,-1,-1,-1,-1
106,8,403.592,189.223,45,109,-1,-1,-1,-1
106,9,425.609,182.57,46,112,-1,-1,-1,-1
106,6,608.311,157.708,86.6358,209.024,-1,-1,-1,-1
107,8,405.092,183.844,49,118,-1,-1,-1,-1
107,9,426.424,178.799,49,117,-1,-1,-1,-1
107,5,534.051,91.9135,132.232,319.704,-1,-1,-1,-1
107,7,222.53,198.376,32,77,-1,-1,-1,-1
108,8,408.618,184.844,47,114,-1,-1,-1,-1
108,9,430.281,179.397,47,114,-1,-1,-1,-1
108,10,294,207,27,64,-1,-1,-1,-1
108,11,245,214,30,72,-1,-1,-1,-1
108,5,549.666,91.7767,132.278,319.845,-1,-1,-1,-1
108,7,222.035,198.348,32.96,78.88,-1,-1,-1,-1
109,1,545.001,190.282,42,102,-1,-1,-1,-1
109,8,410.41,182.608,48,117,-1,-1,-1,-1
109,9,432.731,178.341,48,115,-1,-1,-1,-1
109,10,293.557,205.908,27,65,-1,-1,-1,-1
109,11,243.054,213.317,30,72.6,-1,-1,-1,-1
109,5,565.282,92.6398,131.334,317.414,-1,-1,-1,-1
109,7,221.539,198.32,32.752,78.456,-1,-1,-1,-1
110,1,545.816,191.974,42,100,-1,-1,-1,-1
110,8,412.692,187.683,46,111,-1,-1,-1,-1
110,9,435.338,178.818,48,116,-1,-1,-1,-1
110,10,291.077,204.263,29,69,-1,-1,-1,-1
110,11,241.481,211.825,30.4,73.32,-1,-1,-1,-1
110,12,310,211,26,63,-1,-1,-1,-1
110,5,581.897,94.503,129.801,313.897,-1,-1,-1,-1
110,7,221.044,198.292,32.7024,78.3472,-1,-1,-1,-1
111,1,546.279,192.359,42,101,-1,-1,-1,-1
111,8,413.65,188.824,46,112,-1,-1,-1,-1
111,9,437.643,179.226,48,116,-1,-1,-1,-1
111,10,290.258,205.519,28,67,-1,-1,-1,-1
111,11,239.907,211.334,30.48,73.584,-1,-1,-1,-1
111,12,308.407,209.031,27,66,-1,-1,-1,-1
111,7,220.549,198.264,32.6429,78.2166,-1,-1,-1,-1
112,1,547.405,193.796,42,102,-1,-1,-1,-1
112,8,414.294,187.179,48,116,-1,-1,-1,-1
112,9,438.172,173.684,52,126,-1,-1,-1,-1
112,10,287.683,203.258,29,71,-1,-1,-1,-1
112,11,238.334,210.842,30.576,73.7008,-1,-1,-1,-1
112,12,306.782,208.739,27,66,-1,-1,-1,-1
112,7,220.053,198.236,32.6115,78.18,-1,-1,-1,-1
113,1,543.556,182.285,52,126,-1,-1,-1,-1
113,8,414.057,182.36,52,126,-1,-1,-1,-1
113,9,439.452,171.295,54,130,-1,-1,-1,-1
113,10,286.287,203.085,30,71,-1,-1,-1,-1
113,12,305.378,208.516,27,66,-1,-1,-1,-1
113,11,236.76,210.351,30.2912,73.041,-1,-1,-1,-1
114,1,545.885,188.612,46,112,-1,-1,-1,-1
114,8,416.348,181.555,52,126,-1,-1,-1,-1
114,9,440.99,167.742,55,134,-1,-1,-1,-1
114,10,284.596,201.543,30,73,-1,-1,-1,-1
114,12,304.117,208.343,27,65,-1,-1,-1,-1
114,11,235.187,209.86,30.3494,73.2492,-1,-1,-1,-1
115,1,546.735,190.494,44,107,-1,-1,-1,-1
115,8,418.023,180.345,53,127,-1,-1,-1,-1
115,9,443.161,164.085,57,139,-1,-1,-1,-1
115,10,282.568,201.172,31,74,-1,-1,-1,-1
115,12,302.959,207.209,28,67,-1,-1,-1,-1
115,11,233.613,209.368,30.4193,73.379,-1,-1,-1,-1
116,1,544.007,186.692,49,117,-1,-1,-1,-1
116,8,420.091,179.481,54,131,-1,-1,-1,-1
116,9,445.79,162.134,59,143,-1,-1,-1,-1
116,10,281.171,200.374,31,75,-1,-1,-1,-1
116,12,301.439,207.11,28,68,-1,-1,-1,-1
116,11,232.04,208.877,30.4232,73.3908,-1,-1,-1,-1
117,1,546.283,190.145,46.6,112.8,-1,-1,-1,-1
117,8,422.55,182.604,53,129,-1,-1,-1,-1
117,9,448.292,160.13,62,150,-1,-1,-1,-1
117,10,279.493,199.563,32,77,-1,-1,-1,-1
117,11,220.334,211.614,35,84,-1,-1,-1,-1
117,12,300.094,207.474,28,67,-1,-1,-1,-1
118,8,424.865,183.095,54,131,-1,-1,-1,-1
118,9,450.661,160.35,63,151,-1,-1,-1,-1
118,10,277.184,200.722,32,76,-1,-1,-1,-1
118,11,217.417,212.587,35,84,-1,-1,-1,-1
118,12,298.454,208.743,27,66,-1,-1,-1,-1
118,1,549.379,194.689,42,101,-1,-1,-1,-1
119,1,549.441,194.983,41,99,-1,-1,-1,-1
119,8,426.06,181.617,56,136,-1,-1,-1,-1
119,9,451.046,156.24,67,161,-1,-1,-1,-1
119,10,275.3,200.846,31,75,-1,-1,-1,-1
119,11,216.042,215.138,32,78,-1,-1,-1,-1
119,12,296.172,207.926,28,67,-1,-1,-1,-1
120,1,548.998,195.085,41,98,-1,-1,-1,-1
120,8,425.46,171.975,64,154,-1,-1,-1,-1
120,9,453.005,152.539,69,168,-1,-1,-1,-1
120,10,272.898,199.502,32,78,-1,-1,-1,-1
120,11,210.418,213.242,34,82,-1,-1,-1,-1
120,12,292.872,206.606,29,70,-1,-1,-1,-1
121,1,548.782,195.041,40,96,-1,-1,-1,-1
121,8,425.87,160.35,70,170,-1,-1,-1,-1
121,9,455.413,148.093,72,174,-1,-1,-1,-1
121,10,269.13,196.247,34,83,-1,-1,-1,-1
121,11,200.871,205.715,41,98,-1,-1,-1,-1
121,12,290.165,204.488,30,72,-1,-1,-1,-1
122,1,546.596,192.17,39,95,-1,-1,-1,-1
122,8,428.374,158.087,70,169,-1,-1,-1,-1
122,9,456.283,142.59,75,182,-1,-1,-1,-1
122,10,262.263,190.208,39,94,-1,-1,-1,-1
122,11,192.39,199.324,43,105,-1,-1,-1,-1
122,12,285.328,201.811,31,74,-1,-1,-1,-1
123,1,545.482,190.598,40,96,-1,-1,-1,-1
123,8,430.479,155.85,72,174,-1,-1,-1,-1
123,9,460.471,142.277,76,183,-1,-1,-1,-1
123,10,259.933,192.339,37,89,-1,-1,-1,-1
123,11,187.245,201.258,43,104,-1,-1,-1,-1
123,12,283.305,201.508,31,74,-1,-1,-1,-1
124,1,545.224,188.635,40,98,-1,-1,-1,-1
124,8,433.898,156.581,73,176,-1,-1,-1,-1
124,9,464.193,142.304,77,186,-1,-1,-1,-1
124,10,259.364,193.492,36,88,-1,-1,-1,-1
124,11,182.247,203.432,42,102,-1,-1,-1,-1
124,12,281.807,201.827,31,74,-1,-1,-1,-1
125,1,544.172,187.999,41,99,-1,-1,-1,-1
125,8,436.954,155.7,76,184,-1,-1,-1,-1
125,9,470.114,142.953,78,188,-1,-1,-1,-1
125,10,256.507,195.072,36,86,-1,-1,-1,-1
125,11,177.966,205.707,40.6,98.2,-1,-1,-1,-1
125,12,280.234,203.444,31,74,-1,-1,-1,-1
126,1,543.808,188.878,41,99,-1,-1,-1,-1
126,8,439.975,152.119,80,194,-1,-1,-1,-1
126,9,471.549,136.431,85,205,-1,-1,-1,-1
126,10,252.527,194.511,37,88,-1,-1,-1,-1
126,11,171.685,203.982,41.92,101.44,-1,-1,-1,-1
126,12,277.703,204.099,31,76,-1,-1,-1,-1
127,1,543.192,189.63,41,99,-1,-1,-1,-1
127,8,441.796,146.03,86,207,-1,-1,-1,-1
127,9,471.24,124.982,94,227,-1,-1,-1,-1
127,10,249.612,195.251,36,88,-1,-1,-1,-1
127,12,274.454,204.265,32,77,-1,-1,-1,-1
127,11,166.403,204.257,42.104,102.128,-1,-1,-1,-1
128,1,543.682,190.625,40.6,98.2,-1,-1,-1,-1
128,7,189.486,195.038,35,86,-1,-1,-1,-1
128,8,446.702,144.84,88,214,-1,-1,-1,-1
128,9,480.4,122.059,95,231,-1,-1,-1,-1
128,10,244.9,195.193,37,89,-1,-1,-1,-1
128,12,271.003,204.447,33,79,-1,-1,-1,-1
128,11,161.122,204.531,41.9248,101.554,-1,-1,-1,-1
129,1,543.172,190.619,40.72,98.64,-1,-1,-1,-1
129,7,187.162,196.034,35,84,-1,-1,-1,-1
129,8,451.651,138.709,93,225,-1,-1,-1,-1
129,9,489.828,120.451,99,238,-1,-1,-1,-1
129,10,240.821,194.256,39,93,-1,-1,-1,-1
129,12,267.883,205.616,33,80,-1,-1,-1,-1
129,11,155.841,204.806,41.7098,101.064,-1,-1,-1,-1
130,1,542.661,190.614,40.864,98.768,-1,-1,-1,-1
130,7,185.498,197.434,34,83,-1,-1,-1,-1
130,8,460.276,142.457,92,223,-1,-1,-1,-1
130,9,498.494,111.858,106,257,-1,-1,-1,-1
130,10,236.933,194.38,40,96,-1,-1,-1,-1
130,12,265.141,206.622,34,81,-1,-1,-1,-1
130,11,150.559,206.081,41.6517,100.877,-1,-1,-1,-1
131,7,183.078,200.304,34,81,-1,-1,-1,-1
131,8,464.142,126.481,109,264,-1,-1,-1,-1
131,9,512.689,116.386,106,255,-1,-1,-1,-1
131,10,233.75,196.389,39,95,-1,-1,-1,-1
131,12,261.703,206.358,35,85,-1,-1,-1,-1
131,1,542.151,190.608,40.8368,98.7216,-1,-1,-1,-1
131,11,145.278,205.355,41.8621,101.413,-1,-1,-1,-1
132,7,178.937,198.629,35,85,-1,-1,-1,-1
132,8,482.689,142.617,99,238,-1,-1,-1,-1
132,9,530.374,123.066,98,238,-1,-1,-1,-1
132,10,229.379,197.722,40,96,-1,-1,-1,-1
132,12,259.194,208.555,34,82,-1,-1,-1,-1
132,1,541.641,190.603,40.8042,98.6659,-1,-1,-1,-1
132,11,139.997,205.63,41.8505,101.407,-1,-1,-1,-1
133,7,176.753,201.181,34,82,-1,-1,-1,-1
133,8,489.006,127.131,113,272,-1,-1,-1,-1
133,9,540.508,120.538,100.8,243.8,-1,-1,-1,-1
133,10,225.868,199.808,39,95,-1,-1,-1,-1
133,12,255.626,208.211,35,85,-1,-1,-1,-1
133,1,541.131,190.597,40.765,98.5991,-1,-1,-1,-1
134,7,171.251,199.034,35,86,-1,-1,-1,-1
134,8,504.349,135.177,110,265,-1,-1,-1,-1
134,9,550.643,120.011,101.96,246.36,-1,-1,-1,-1
134,10,221.73,201.27,39,94,-1,-1,-1,-1
134,12,251.188,206.948,36,88,-1,-1,-1,-1
134,1,540.621,190.592,40.798,98.6789,-1,-1,-1,-1
135,7,168.011,197.397,36,87,-1,-1,-1,-1
135,8,520.979,152.684,103,248,-1,-1,-1,-1
135,10,217.996,198.949,40,98,-1,-1,-1,-1
135,12,246.542,205.567,37,90,-1,-1,-1,-1
135,1,540.111,190.586,40.8136,98.6867,-1,-1,-1,-1
135,9,561.778,119.483,102.552,248.032,-1,-1,-1,-1
136,7,164.874,196.439,36,87,-1,-1,-1,-1
136,8,531.943,152.158,106.8,257.4,-1,-1,-1,-1
136,10,212.58,195.103,43,103,-1,-1,-1,-1
136,12,242.679,203.164,38,93,-1,-1,-1,-1
136,1,530.599,197.6,40,96,-1,-1,-1,-1
136,9,572.912,120.956,101.862,246.238,-1,-1,-1,-1
137,1,529.115,197.825,41,99,-1,-1,-1,-1
137,7,161.243,194.591,38,91,-1,-1,-1,-1
137,8,543.907,157.632,106.36,256.08,-1,-1,-1,-1
137,10,208.53,193.236,44,107,-1,-1,-1,-1
137,12,237.54,199.364,41,99,-1,-1,-1,-1
137,9,584.047,122.429,101.035,244.486,-1,-1,-1,-1
138,1,527.913,199.51,40,96,-1,-1,-1,-1
138,7,159.543,196.428,35,85,-1,-1,-1,-1
138,8,554.871,160.106,107.832,259.696,-1,-1,-1,-1
138,10,202.574,189.987,46,112,-1,-1,-1,-1
138,12,234.084,199.315,41,98,-1,-1,-1,-1
138,9,595.181,121.901,101.642,245.783,-1,-1,-1,-1
139,1,526.059,197.661,41,100,-1,-1,-1,-1
139,7,157.632,196.598,35,84,-1,-1,-1,-1
139,10,198.868,185.473,49,119,-1,-1,-1,-1
139,12,231.247,197.995,41,99,-1,-1,-1,-1
139,8,567.835,165.58,106.798,257.235,-1,-1,-1,-1
140,1,525.702,198.106,41,100,-1,-1,-1,-1
140,7,156.278,196.488,35,84,-1,-1,-1,-1
140,10,197.248,190.125,45,110,-1,-1,-1,-1
140,12,227.997,198.246,41,100,-1,-1,-1,-1
140,8,579.799,171.054,106.158,255.682,-1,-1,-1,-1
141,1,525.231,197.892,41,100,-1,-1,-1,-1
141,7,153.985,195.054,35,85,-1,-1,-1,-1
141,10,191.57,187.912,47,113,-1,-1,-1,-1
141,12,223.424,196.479,43,104,-1,-1,-1,-1
141,13,99,196,37,89,-1,-1,-1,-1
141,8,591.762,174.528,106.79,257.219,-1,-1,-1,-1
142,1,523.731,195.878,41,100,-1,-1,-1,-1
142,7,150.956,193.369,36,88,-1,-1,-1,-1
142,10,185.701,185.506,48,115,-1,-1,-1,-1
142,12,218.751,193.376,44,107,-1,-1,-1,-1
142,13,94.5175,194.929,37,90,-1,-1,-1,-1
143,1,522.363,192.521,42,102,-1,-1,-1,-1
143,7,147.691,190.504,38,92,-1,-1,-1,-1
143,10,179.318,182.231,49,118,-1,-1,-1,-1
143,12,215.024,192.586,44,107,-1,-1,-1,-1
143,13,91.5946,192.317,38,91,-1,-1,-1,-1
144,1,521.114,189.145,42,102,-1,-1,-1,-1
144,7,144.576,187.088,40,96,-1,-1,-1,-1
144,10,174.808,179.377,49,118,-1,-1,-1,-1
144,12,210.177,188.907,45,109,-1,-1,-1,-1
144,13,87.6723,187.939,39,95,-1,-1,-1,-1
145,1,519.832,185.31,43,105,-1,-1,-1,-1
145,7,144.229,189.273,36.8,89,-1,-1,-1,-1
145,10,171.838,176.041,49,120,-1,-1,-1,-1
145,12,207.107,185.175,46,112,-1,-1,-1,-1
145,13,86.5424,186.988,39,94,-1,-1,-1,-1
146,1,521.678,187.103,42,102,-1,-1,-1,-1
146,7,143.771,188.764,37,90,-1,-1,-1,-1
146,10,168.112,173.455,51,124,-1,-1,-1,-1
146,12,204.47,184.093,47,113,-1,-1,-1,-1
146,13,86.7315,188.107,38,91,-1,-1,-1,-1
147,1,522.863,189.508,41,100,-1,-1,-1,-1
147,7,145.988,189.983,36,87,-1,-1,-1,-1
147,10,166.493,175.603,50,122,-1,-1,-1,-1
147,12,203.41,185.571,47,113,-1,-1,-1,-1
147,13,86.0935,188.822,38,91,-1,-1,-1,-1
148,1,523.357,192.016,41,100,-1,-1,-1,-1
148,7,146.043,193.618,34,82,-1,-1,-1,-1
148,10,163.457,177.956,50,122,-1,-1,-1,-1
148,12,201.388,187.115,48,116,-1,-1,-1,-1
148,13,84.0873,187.913,39,95,-1,-1,-1,-1
149,1,524.281,196.778,39,95,-1,-1,-1,-1
149,7,144.633,194.979,33,81,-1,-1,-1,-1
149,10,160.933,181.503,50,121,-1,-1,-1,-1
149,12,198.88,188.454,49,117,-1,-1,-1,-1
149,13,84.1917,192.644,37,90,-1,-1,-1,-1
150,1,523.204,195.729,42,101,-1,-1,-1,-1
150,7,142.898,195.543,34,82,-1,-1,-1,-1
150,10,156.195,178.052,55,133,-1,-1,-1,-1
150,12,194.861,185.518,53,128,-1,-1,-1,-1
150,13,82.9148,193.34,38,92,-1,-1,-1,-1
151,1,522.137,196.853,43,103,-1,-1,-1,-1
151,7,141.659,194.853,34.8,84.4,-1,-1,-1,-1
151,10,153.559,178.164,57,137,-1,-1,-1,-1
151,12,191.435,185.731,55,132,-1,-1,-1,-1
151,13,83.2002,198.365,35,85,-1,-1,-1,-1
152,1,522.514,197.196,44,106,-1,-1,-1,-1
152,10,150.073,175.895,60,146,-1,-1,-1,-1
152,12,187.844,185.571,56,136,-1,-1,-1,-1
152,13,81.0443,197.488,37.4,90.6,-1,-1,-1,-1
152,7,140.421,195.164,34.36,83.28,-1,-1,-1,-1
153,1,524.219,200.799,42,102,-1,-1,-1,-1
153,10,147.652,179.484,61,146,-1,-1,-1,-1
153,12,183.289,185.963,58,140,-1,-1,-1,-1
153,13,79.8885,198.611,37.28,90.52,-1,-1,-1,-1
153,7,139.183,196.475,34.032,82.536,-1,-1,-1,-1
154,1,524.144,200.166,44,106,-1,-1,-1,-1
154,10,147.142,182.821,59,143,-1,-1,-1,-1
154,12,180.253,186.877,58,141,-1,-1,-1,-1
154,7,137.944,196.785,34.0384,82.6432,-1,-1,-1,-1
154,13,79.7326,199.734,36.936,89.624,-1,-1,-1,-1
155,1,524.339,200.354,44,107,-1,-1,-1,-1
155,10,147.09,190.034,55,133,-1,-1,-1,-1
155,12,174.337,183.979,62,149,-1,-1,-1,-1
155,7,136.706,197.096,34.2461,82.9718,-1,-1,-1,-1
155,13,78.5767,200.858,36.9232,89.5488,-1,-1,-1,-1
156,1,525.842,203.555,42,101,-1,-1,-1,-1
156,10,142.482,183.422,61,148,-1,-1,-1,-1
156,12,169.794,184.488,62,150,-1,-1,-1,-1
156,7,135.468,196.407,34.2953,83.1662,-1,-1,-1,-1
156,13,77.4209,201.981,36.7078,89.0586,-1,-1,-1,-1
157,1,526.578,203.051,42,102,-1,-1,-1,-1
157,10,127.962,174.761,66,160,-1,-1,-1,-1
157,12,166.136,185.599,61,148,-1,-1,-1,-1
157,7,134.23,197.717,34.1944,82.9194,-1,-1,-1,-1
157,13,75.265,203.104,37.0494,89.8703,-1,-1,-1,-1
158,1,526.047,199.953,44,107,-1,-1,-1,-1
158,10,115.46,167.995,70,169,-1,-1,-1,-1
158,12,159.017,178.608,66,160,-1,-1,-1,-1
158,13,75.1092,204.227,36.9793,89.7243,-1,-1,-1,-1
159,1,525.307,196.055,46,112,-1,-1,-1,-1
159,10,104.447,162.772,73,176,-1,-1,-1,-1
159,12,153.574,175.302,68,164,-1,-1,-1,-1
159,13,73.9533,205.35,36.9191,89.5652,-1,-1,-1,-1
160,1,526.737,198.841,43.6,105.8,-1,-1,-1,-1
160,10,95.894,161.908,73,177,-1,-1,-1,-1
160,12,148.254,171.718,70,169,-1,-1,-1,-1
161,1,527.166,198.627,43.52,105.56,-1,-1,-1,-1
161,10,86.7863,157.683,76,185,-1,-1,-1,-1
161,12,143.474,170.301,71,172,-1,-1,-1,-1
162,1,527.596,198.413,43.824,106.472,-1,-1,-1,-1
162,10,79.4958,157.729,76,184,-1,-1,-1,-1
162,12,138.23,168.461,73,176,-1,-1,-1,-1
163,10,71.3909,157.125,78,189,-1,-1,-1,-1
163,12,133.199,167.912,74,180,-1,-1,-1,-1
163,1,523.528,187.614,56,135,-1,-1,-1,-1
164,10,64.2684,158.083,79,190,-1,-1,-1,-1
164,12,126.471,166.417,77,185,-1,-1,-1,-1
164,1,529.256,200.276,46.5888,112.966,-1,-1,-1,-1
165,10,57.2695,153.737,83,200,-1,-1,-1,-1
165,12,120.137,163.028,80,194,-1,-1,-1,-1
165,1,530.077,201.586,41,98,-1,-1,-1,-1
166,10,51.731,151.275,84,203,-1,-1,-1,-1
166,12,111.812,157.804,85,205,-1,-1,-1,-1
166,1,530.705,198.966,41,98,-1,-1,-1,-1
167,1,531.058,195.925,42,102,-1,-1,-1,-1
167,10,40.4155,139.564,92,223,-1,-1,-1,-1
167,12,103.666,150.971,90,218,-1,-1,-1,-1
168,1,531.251,195.784,42,101,-1,-1,-1,-1
168,10,26.6101,133.719,97,234,-1,-1,-1,-1
168,12,93.2241,145.264,94,228,-1,-1,-1,-1
169,1,530.767,194.845,43,103,-1,-1,-1,-1
169,10,16.0776,129.315,102,246,-1,-1,-1,-1
169,12,83.6307,140.44,99,240,-1,-1,-1,-1
170,1,530.958,193.457,45,108,-1,-1,-1,-1
170,10,8.51125,131.973,101,244,-1,-1,-1,-1
170,12,75.2186,137.023,104,251,-1,-1,-1,-1
171,1,532.63,191.991,46,111,-1,-1,-1,-1
171,10,3.67541,139.513,95.2,230,-1,-1,-1,-1
171,12,63.7976,135.005,109,263,-1,-1,-1,-1
172,1,533.174,190.413,48,116,-1,-1,-1,-1
172,10,-5.16043,137.054,97.44,235.4,-1,-1,-1,-1
172,12,49.1999,130.742,115,278,-1,-1,-1,-1
173,1,534.276,192.853,45,110,-1,-1,-1,-1
173,10,-12.9963,136.595,98.528,237.88,-1,-1,-1,-1
173,12,30.393,119.446,126,304,-1,-1,-1,-1
174,1,533.617,191.868,47,112,-1,-1,-1,-1
174,12,18.0794,118.792,128,308,-1,-1,-1,-1
174,10,-20.8321,137.135,98.8336,238.656,-1,-1,-1,-1
175,1,534.17,191.326,47,114,-1,-1,-1,-1
175,7,144.062,198.681,33,80,-1,-1,-1,-1
175,12,7.24679,113.166,132,318,-1,-1,-1,-1
175,10,-28.668,137.676,98.2003,237.187,-1,-1,-1,-1
176,1,535.896,192.665,46,112,-1,-1,-1,-1
176,7,145.265,200.805,32,77,-1,-1,-1,-1
176,12,2.44755,126.285,122,294.2,-1,-1,-1,-1
176,10,-36.5038,139.216,97.6404,235.825,-1,-1,-1,-1
177,1,537.185,194.898,45,108,-1,-1,-1,-1
177,7,142.842,196.575,36,87,-1,-1,-1,-1
177,12,-8.3517,124.405,124.6,300.44,-1,-1,-1,-1
177,10,-44.3396,139.757,98.1285,236.99,-1,-1,-1,-1
178,1,538.878,193.474,46,111,-1,-1,-1,-1
178,7,143.98,198.56,34,83,-1,-1,-1,-1
178,12,-19.1509,123.524,126.52,304.928,-1,-1,-1,-1
178,14,103,175,59,142,-1,-1,-1,-1
178,10,-52.1755,139.297,98.2662,237.307,-1,-1,-1,-1
179,1,541.27,193.864,46,111,-1,-1,-1,-1
179,7,144.914,199.412,35,84,-1,-1,-1,-1
179,14,100.461,173.59,60,145,-1,-1,-1,-1
179,12,-28.9502,123.643,126.624,305.114,-1,-1,-1,-1
180,1,544.131,192.805,46,112,-1,-1,-1,-1
180,7,146.661,198.945,35,85,-1,-1,-1,-1
180,14,97.7873,171.3,63,151,-1,-1,-1,-1
180,12,-38.7494,125.762,126.349,304.536,-1,-1,-1,-1
181,1,545.842,189.853,48,117,-1,-1,-1,-1
181,7,147.783,199.692,35,85,-1,-1,-1,-1
181,14,96.1385,171.674,64,154,-1,-1,-1,-1
181,12,-48.5487,127.881,125.219,301.844,-1,-1,-1,-1
182,1,547.952,190.466,48,115,-1,-1,-1,-1
182,7,148,201.146,35,84,-1,-1,-1,-1
182,14,92.8697,169.665,65,157,-1,-1,-1,-1
182,12,-58.3479,128.001,125.862,303.372,-1,-1,-1,-1
183,1,548.317,184.19,53,127,-1,-1,-1,-1
183,7,148.008,199.821,36,87,-1,-1,-1,-1
183,14,89.7477,170.029,65,158,-1,-1,-1,-1
183,12,-68.1472,129.12,126.115,303.959,-1,-1,-1,-1
184,1,554.563,195.011,44,105,-1,-1,-1,-1
184,7,147.761,198.791,37,89,-1,-1,-1,-1
184,14,85.6125,168.796,66,159,-1,-1,-1,-1
185,1,554.517,192.34,46,112,-1,-1,-1,-1
185,7,149.649,198.384,36,87,-1,-1,-1,-1
185,14,79.2322,165.139,69,166,-1,-1,-1,-1
186,1,555.174,191.038,48,116,-1,-1,-1,-1
186,7,150.627,198.598,36,87,-1,-1,-1,-1
186,14,75.6175,165.361,69,167,-1,-1,-1,-1
187,1,556.959,190.549,48,117,-1,-1,-1,-1
187,7,150.659,197.768,37,89,-1,-1,-1,-1
187,14,70.3303,164.25,71,172,-1,-1,-1,-1
188,1,558.274,190.325,49,119,-1,-1,-1,-1
188,7,152.718,198.027,36,88,-1,-1,-1,-1
188,14,65.5761,165.276,71,171,-1,-1,-1,-1
189,1,559.539,187.117,51,124,-1,-1,-1,-1
189,7,153.353,197.62,35,85,-1,-1,-1,-1
189,14,59.6629,164.648,71,172,-1,-1,-1,-1
190,1,562.312,186.747,50,122,-1,-1,-1,-1
190,7,154.671,197.628,34,83,-1,-1,-1,-1
190,14,52.2595,159.095,75,182,-1,-1,-1,-1
191,1,563.579,184.032,51,122,-1,-1,-1,-1
191,7,155.204,198.557,33,80,-1,-1,-1,-1
191,14,43.5835,152.921,79,190,-1,-1,-1,-1
192,1,565.348,183.29,51,124,-1,-1,-1,-1
192,7,154.05,193.883,36,87,-1,-1,-1,-1
192,14,36.3243,148.204,82,198,-1,-1,-1,-1
193,1,567.608,183.505,52,125,-1,-1,-1,-1
193,7,154.27,193.514,36,88,-1,-1,-1,-1
193,14,29.4516,145.34,84,202,-1,-1,-1,-1
194,1,570.37,188.356,49,119,-1,-1,-1,-1
194,7,153.795,193.363,37,88,-1,-1,-1,-1
194,14,22.9023,142.241,86,207,-1,-1,-1,-1
195,1,571.623,188.155,51,123,-1,-1,-1,-1
195,7,155.549,193.353,36,88,-1,-1,-1,-1
195,14,14.7376,136.843,90,217,-1,-1,-1,-1
196,1,573.379,188.963,51,124,-1,-1,-1,-1
196,7,156.032,194.424,36,86,-1,-1,-1,-1
196,14,8.55626,136.772,89,215,-1,-1,-1,-1
197,1,574.763,190.859,51,122,-1,-1,-1,-1
197,7,156.302,193.965,36,87,-1,-1,-1,-1
197,14,3.8192,141.529,87,211,-1,-1,-1,-1
198,1,575.458,189.385,52,125,-1,-1,-1,-1
198,7,156.419,194.828,36,88,-1,-1,-1,-1
198,14,-2.01754,142.821,87.2,210.4,-1,-1,-1,-1
198,15,279,213,27,65,-1,-1,-1,-1
199,1,576.976,190.502,52,125,-1,-1,-1,-1
199,7,156.868,196.754,36,88,-1,-1,-1,-1
199,14,-7.85428,142.113,87.84,212.08,-1,-1,-1,-1
199,15,277.953,210.77,29,71,-1,-1,-1,-1
200,1,577.273,188.899,53,127,-1,-1,-1,-1
200,7,157.139,199.116,35,86,-1,-1,-1,-1
200,14,-13.691,141.405,88.208,213.096,-1,-1,-1,-1
200,15,278.54,213.28,28,68,-1,-1,-1,-1
201,1,578.409,189.627,53,127,-1,-1,-1,-1
201,7,157.276,200.426,35,86,-1,-1,-1,-1
201,15,276.271,209.061,31,75,-1,-1,-1,-1
201,14,-19.5278,142.697,87.8496,212.315,-1,-1,-1,-1
202,1,580.437,191.517,52,125,-1,-1,-1,-1
202,7,156.321,198.374,37,90,-1,-1,-1,-1
202,15,276.198,210.387,30,72,-1,-1,-1,-1
202,14,-25.3645,142.989,87.6195,211.778,-1,-1,-1,-1
203,1,581.401,194.08,51,122,-1,-1,-1,-1
203,7,156.308,198.613,37,89,-1,-1,-1,-1
203,15,275.03,209.3,30,74,-1,-1,-1,-1
203,14,-31.2013,143.281,87.7434,211.934,-1,-1,-1,-1
204,1,582.901,193.958,50,121,-1,-1,-1,-1
204,7,156.264,198.811,37,88,-1,-1,-1,-1
204,15,274.688,211.217,29,70,-1,-1,-1,-1
204,14,-37.038,143.573,87.8521,212.241,-1,-1,-1,-1
205,1,582.509,193.206,51,124,-1,-1,-1,-1
205,7,157.208,199.14,36,86,-1,-1,-1,-1
205,15,274.531,210.145,29,71,-1,-1,-1,-1
205,14,-42.8747,143.865,87.8545,212.273,-1,-1,-1,-1
206,1,582.794,192.891,51,123,-1,-1,-1,-1
206,7,157.151,198.056,36,87,-1,-1,-1,-1
206,15,273.497,207.655,31,75,-1,-1,-1,-1
206,14,-48.7115,144.157,87.7838,212.108,-1,-1,-1,-1
207,1,583.726,193.606,51,122,-1,-1,-1,-1
207,7,157.533,198.433,36,87,-1,-1,-1,-1
207,15,272.538,205.731,33,79,-1,-1,-1,-1
208,1,583.287,188.939,53,129,-1,-1,-1,-1
208,7,157.806,197.851,36,87,-1,-1,-1,-1
208,15,273.616,207.806,31,75,-1,-1,-1,-1
209,1,586.572,192.856,48,116,-1,-1,-1,-1
209,7,157.416,196.419,37,89,-1,-1,-1,-1
209,15,273.274,206.439,32,78,-1,-1,-1,-1
210,1,586.172,188.898,50.8,122.8,-1,-1,-1,-1
210,7,158.264,195.691,37,89,-1,-1,-1,-1
210,15,272.047,204.314,33,80,-1,-1,-1,-1
211,1,586.772,187.941,50.76,122.56,-1,-1,-1,-1
211,7,158.833,195.196,37,90,-1,-1,-1,-1
211,15,271.048,201.951,34,83,-1,-1,-1,-1
211,16,221,214,25,61,-1,-1,-1,-1
212,1,587.372,186.983,50.712,122.472,-1,-1,-1,-1
212,7,158.744,194.891,37,90,-1,-1,-1,-1
212,15,270.924,206.615,31,75,-1,-1,-1,-1
212,16,219.92,213.142,25,61,-1,-1,-1,-1
213,7,159.037,193.299,38,91,-1,-1,-1,-1
213,15,269.311,204.861,32,78,-1,-1,-1,-1
213,16,218.298,208.022,28,69,-1,-1,-1,-1
213,1,587.972,186.026,50.6544,122.566,-1,-1,-1,-1
214,7,160.063,194.792,37,89,-1,-1,-1,-1
214,15,267.807,206.059,32,78,-1,-1,-1,-1
214,16,217.94,209.264,28,67,-1,-1,-1,-1
214,1,588.572,185.068,50.1853,121.28,-1,-1,-1,-1
215,7,160.758,194.783,37,90,-1,-1,-1,-1
215,15,266.424,206.538,32,78,-1,-1,-1,-1
215,16,216.299,207.573,29,70,-1,-1,-1,-1
215,1,589.172,184.11,50.6223,122.336,-1,-1,-1,-1
216,7,161.181,195.236,37,89,-1,-1,-1,-1
216,15,264.157,205.729,34,81,-1,-1,-1,-1
216,16,215.469,208.003,29,70,-1,-1,-1,-1
216,1,589.772,183.153,50.5868,122.243,-1,-1,-1,-1
217,7,161.4,196.017,37,90,-1,-1,-1,-1
217,15,262.986,206.99,33,81,-1,-1,-1,-1
217,16,214.512,208.228,30,72,-1,-1,-1,-1
217,1,590.372,182.195,50.5522,122.179,-1,-1,-1,-1
218,7,161.476,197.145,37,88,-1,-1,-1,-1
218,15,261.891,207.393,33,81,-1,-1,-1,-1
218,16,214.477,210.128,28,69,-1,-1,-1,-1
218,1,590.972,181.238,50.5202,122.121,-1,-1,-1,-1
219,7,162.463,198.2,35,86,-1,-1,-1,-1
219,15,260.85,208.008,33,81,-1,-1,-1,-1
219,16,213.266,210.742,29,69,-1,-1,-1,-1
220,7,162.4,197.776,36,86,-1,-1,-1,-1
220,15,260.277,208.356,34,82,-1,-1,-1,-1
220,16,212.368,209.256,30,72,-1,-1,-1,-1
221,7,162.317,198.307,35,85,-1,-1,-1,-1
221,15,259.469,206.511,36,86,-1,-1,-1,-1
221,16,211.383,208.696,30,73,-1,-1,-1,-1
222,7,162.664,197.691,36,87,-1,-1,-1,-1
222,15,259.194,205.106,37,88,-1,-1,-1,-1
222,16,209.778,207.549,31,75,-1,-1,-1,-1
223,7,162.333,196.649,37,88,-1,-1,-1,-1
223,15,259.388,203.312,37,89,-1,-1,-1,-1
223,16,209.028,207.4,31,75,-1,-1,-1,-1
224,7,162.793,196.293,37,88,-1,-1,-1,-1
224,15,261.435,204.569,36,87,-1,-1,-1,-1
224,16,206.735,206.268,33,78,-1,-1,-1,-1
225,7,163.511,193.192,38,91,-1,-1,-1,-1
225,15,262.649,203.902,36,87,-1,-1,-1,-1
225,16,205.913,205.161,33,79,-1,-1,-1,-1
226,7,163.409,191.857,39,93,-1,-1,-1,-1
226,15,263.363,200.984,38,91,-1,-1,-1,-1
226,16,205.16,206.081,32,78,-1,-1,-1,-1
227,7,164.989,192.684,37,91,-1,-1,-1,-1
227,15,264.964,200.345,38,91,-1,-1,-1,-1
227,16,202.594,202.594,34,83,-1,-1,-1,-1
228,7,166.184,194.055,37,90,-1,-1,-1,-1
228,15,266.86,199.941,38,92,-1,-1,-1,-1
228,16,200.635,201.814,35,84,-1,-1,-1,-1
229,7,168.689,194.379,37,89,-1,-1,-1,-1
229,15,268.37,197.151,40,97,-1,-1,-1,-1
229,16,199.701,201.275,35,84,-1,-1,-1,-1
230,7,171.386,195.204,36,87,-1,-1,-1,-1
230,15,269.853,195.939,42,100,-1,-1,-1,-1
230,16,199.206,201.368,35,84,-1,-1,-1,-1
231,7,172.72,195.513,37,88,-1,-1,-1,-1
231,15,272.129,194.691,43,103,-1,-1,-1,-1
231,16,199.02,202.36,35,84,-1,-1,-1,-1
232,7,174.63,195.746,37,88,-1,-1,-1,-1
232,15,274.508,190.841,46,112,-1,-1,-1,-1
232,16,198.599,201.551,36,88,-1,-1,-1,-1
233,7,176.622,194.477,37,89,-1,-1,-1,-1
233,15,276.901,189.378,48,115,-1,-1,-1,-1
233,16,197.975,201.536,36,88,-1,-1,-1,-1
233,17,228,210,27,65,-1,-1,-1,-1
234,7,178.799,197.131,36,86,-1,-1,-1,-1
234,15,279.823,188.756,48,117,-1,-1,-1,-1
234,16,195.624,198.031,39,93,-1,-1,-1,-1
234,17,227.421,209.574,28,67,-1,-1,-1,-1
235,7,180.236,200.768,35,84,-1,-1,-1,-1
235,15,281.8,188,49,119,-1,-1,-1,-1
235,16,194.173,195.189,40,98,-1,-1,-1,-1
235,17,228.294,211.423,26,63,-1,-1,-1,-1
236,7,178.456,193.785,41,99,-1,-1,-1,-1
236,15,284.378,188.003,50,122,-1,-1,-1,-1
236,16,192.345,195.866,40,97,-1,-1,-1,-1
236,17,227.733,212.237,26,64,-1,-1,-1,-1
237,7,181.928,199.684,37.2,89.2,-1,-1,-1,-1
237,15,286.526,188.124,51,123,-1,-1,-1,-1
237,16,188.85,195.25,42,101,-1,-1,-1,-1
237,17,227.249,211.312,27,65,-1,-1,-1,-1
238,7,183.4,200.583,37.24,89.44,-1,-1,-1,-1
238,15,289.666,189.729,51,124,-1,-1,-1,-1
238,16,186.781,196.244,42,101,-1,-1,-1,-1
238,17,227.058,209.321,29,70,-1,-1,-1,-1
239,7,184.872,201.482,37.288,89.528,-1,-1,-1,-1
239,15,294.515,191.088,52,125,-1,-1,-1,-1
239,16,185.809,197.196,43,104,-1,-1,-1,-1
239,17,229.491,212.595,27,66,-1,-1,-1,-1
240,15,301.157,194.223,50,122,-1,-1,-1,-1
240,16,186.951,197.518,44,105,-1,-1,-1,-1
240,17,232.21,213.48,27,65,-1,-1,-1,-1
240,7,186.343,202.381,37.5456,90.2336,-1,-1,-1,-1
241,15,304.86,192.138,53,129,-1,-1,-1,-1
241,16,187.53,198.327,44,106,-1,-1,-1,-1
241,17,232.786,214.476,27,65,-1,-1,-1,-1
241,7,187.815,202.28,38.0547,91.4803,-1,-1,-1,-1
242,15,310.082,193.328,54,130,-1,-1,-1,-1
242,16,187.034,196.747,45,109,-1,-1,-1,-1
242,17,232.452,213.104,29,69,-1,-1,-1,-1
242,7,189.287,204.179,37.4657,89.9764,-1,-1,-1,-1
243,15,314.318,192.396,55,133,-1,-1,-1,-1
243,16,186.003,194.329,48,116,-1,-1,-1,-1
243,17,234.641,214.016,28,68,-1,-1,-1,-1
243,7,190.758,205.079,37.5188,90.1317,-1,-1,-1,-1
244,15,318.965,189.956,58,139,-1,-1,-1,-1
244,16,186.418,195.052,48,116,-1,-1,-1,-1
244,17,235.791,214.277,28,68,-1,-1,-1,-1
244,7,192.23,205.978,37.5746,90.27,-1,-1,-1,-1
245,15,326.21,181.728,64,156,-1,-1,-1,-1
245,16,187.019,192.457,50,122,-1,-1,-1,-1
245,17,238.495,213.824,29,70,-1,-1,-1,-1
245,18,256,217,26,63,-1,-1,-1,-1
245,7,193.702,206.877,37.6319,90.4184,-1,-1,-1,-1
246,15,336.711,191.452,56.8,137.4,-1,-1,-1,-1
246,16,188.757,186.903,54,130,-1,-1,-1,-1
246,17,244.474,212.724,29,71,-1,-1,-1,-1
246,18,262.159,215.667,26,64,-1,-1,-1,-1
247,16,190.818,182.675,56,136,-1,-1,-1,-1
247,17,249.391,212.148,30,71,-1,-1,-1,-1
247,18,267.068,213.041,28,67,-1,-1,-1,-1
247,15,343.561,171.818,72,174,-1,-1,-1,-1
248,16,190.815,178.346,59,142,-1,-1,-1,-1
248,17,253.79,212.549,29,71,-1,-1,-1,-1
248,18,272.704,215.613,26,62,-1,-1,-1,-1
248,15,353.537,171.489,72,174,-1,-1,-1,-1
249,15,360.264,165.828,76,184,-1,-1,-1,-1
249,16,191.243,177.863,58,141,-1,-1,-1,-1
249,17,256.864,211.534,30,72,-1,-1,-1,-1
249,18,276.434,213.868,27,64,-1,-1,-1,-1
250,15,365.902,162.813,78,189,-1,-1,-1,-1
250,16,189.531,177.605,59,142,-1,-1,-1,-1
250,17,259.371,211.775,29,70,-1,-1,-1,-1
250,18,279.479,212.797,27,66,-1,-1,-1,-1
251,15,373.24,164.123,78,189,-1,-1,-1,-1
251,16,188.258,173.938,62,150,-1,-1,-1,-1
251,17,262.928,213.116,28,68,-1,-1,-1,-1
251,18,283.096,210.91,28,67,-1,-1,-1,-1
252,15,378.88,156.089,86,207,-1,-1,-1,-1
252,16,190.114,174.686,62,149,-1,-1,-1,-1
252,17,266.727,210.118,29,71,-1,-1,-1,-1
252,18,288.483,211.301,27,66,-1,-1,-1,-1
253,7,244.87,192.542,40,96,-1,-1,-1,-1
253,15,388.229,152.746,89,215,-1,-1,-1,-1
253,16,191.689,171.835,64,155,-1,-1,-1,-1
253,17,271.451,209.418,29,71,-1,-1,-1,-1
253,18,294.315,209.488,28,68,-1,-1,-1,-1
254,7,254.052,191.627,39,94,-1,-1,-1,-1
254,15,402.345,151.015,92,222,-1,-1,-1,-1
254,16,194.02,167.642,67,161,-1,-1,-1,-1
254,17,275.321,209.949,29,70.4,-1,-1,-1,-1
254,18,302.149,208.103,28,68,-1,-1,-1,-1
255,7,262.938,188.901,40,96,-1,-1,-1,-1
255,15,418.895,153.553,89,216,-1,-1,-1,-1
255,16,197.682,162.905,70,168,-1,-1,-1,-1
255,17,280.192,209.481,28.8,70.08,-1,-1,-1,-1
255,18,310.515,208.618,27,65,-1,-1,-1,-1
256,7,269.455,185.847,41,100,-1,-1,-1,-1
256,15,429.203,143.405,98,237,-1,-1,-1,-1
256,16,198.86,158.556,72,175,-1,-1,-1,-1
256,18,315.544,205.091,29,70,-1,-1,-1,-1
256,17,284.062,209.012,28.76,70.096,-1,-1,-1,-1
257,7,274.073,183.926,41,100,-1,-1,-1,-1
257,15,441.413,139.661,100,243,-1,-1,-1,-1
257,16,196.833,155.547,74,179,-1,-1,-1,-1
257,18,322.872,205.166,27.8,67.4,-1,-1,-1,-1
257,17,287.932,208.543,28.912,70.5152,-1,-1,-1,-1
258,7,276.708,184.204,41,98,-1,-1,-1,-1
258,15,449.035,128.338,111,268,-1,-1,-1,-1
258,16,191.945,153.205,77,185,-1,-1,-1,-1
258,17,291.803,208.074,28.8944,70.4182,-1,-1,-1,-1
258,18,322.181,206.67,26,64,-1,-1,-1,-1
259,7,279.082,184.334,40,98,-1,-1,-1,-1
259,15,457.206,118.369,119,287,-1,-1,-1,-1
259,16,186.869,150.792,79,192,-1,-1,-1,-1
259,18,320.888,205.409,27,66,-1,-1,-1,-1
259,17,295.673,207.605,28.8733,70.3019,-1,-1,-1,-1
260,7,280.458,183.909,42,102,-1,-1,-1,-1
260,15,465.753,102.479,131,317,-1,-1,-1,-1
260,16,175.829,136.541,90,217,-1,-1,-1,-1
260,18,317.973,200.303,31,76,-1,-1,-1,-1
260,17,299.544,207.136,28.8479,70.2823,-1,-1,-1,-1
261,7,281.951,188.764,41,99,-1,-1,-1,-1
261,15,478.602,103.39,132,319,-1,-1,-1,-1
261,16,161.4,126.24,100,242,-1,-1,-1,-1
261,18,316.113,202.492,32,76,-1,-1,-1,-1
261,17,303.414,206.667,28.8575,70.3227,-1,-1,-1,-1
262,7,281.153,190.131,42,101,-1,-1,-1,-1
262,15,491.012,106.515,132,319,-1,-1,-1,-1
262,16,147.308,124.966,103,248,-1,-1,-1,-1
262,18,312.761,203.122,32,78,-1,-1,-1,-1
263,7,280.091,192.127,42,101,-1,-1,-1,-1
263,15,506.981,116.718,125,302,-1,-1,-1,-1
263,16,131.324,118.349,111,267,-1,-1,-1,-1
263,18,310.314,207.567,30,73,-1,-1,-1,-1
264,7,278.002,192.364,43,103,-1,-1,-1,-1
264,16,113.028,106.976,121,292,-1,-1,-1,-1
264,18,307.841,212.977,29,69,-1,-1,-1,-1
264,15,518.95,114.922,127.8,308.8,-1,-1,-1,-1
265,7,278.026,196.32,42,100,-1,-1,-1,-1
265,16,98.0228,106.377,123,297,-1,-1,-1,-1
265,18,306.382,212.719,30.8,74.4,-1,-1,-1,-1
265,15,530.919,113.125,129.56,313.16,-1,-1,-1,-1
266,7,278.527,198.673,42,101,-1,-1,-1,-1
266,16,81.1666,102.527,130,314,-1,-1,-1,-1
266,15,543.887,115.329,129.272,312.392,-1,-1,-1,-1
266,18,304.924,214.46,30.76,74.08,-1,-1,-1,-1
267,7,279.733,202.854,41,98,-1,-1,-1,-1
267,16,63.7519,97.4325,135,327,-1,-1,-1,-1
267,15,557.856,116.532,128.726,311.07,-1,-1,-1,-1
267,18,303.465,216.202,30.512,73.696,-1,-1,-1,-1
268,7,277.975,204.109,41,98,-1,-1,-1,-1
268,16,41.1796,86.302,143,347,-1,-1,-1,-1
268,15,570.825,118.736,128.072,309.484,-1,-1,-1,-1
268,18,302.007,218.944,30.2144,72.8352,-1,-1,-1,-1
269,7,274.029,203.258,41,99,-1,-1,-1,-1
269,16,34.1171,103.543,130.4,315.4,-1,-1,-1,-1
269,15,583.794,119.939,128.686,310.981,-1,-1,-1,-1
269,18,300.548,220.686,30.2573,72.8022,-1,-1,-1,-1
270,7,268.596,200.776,42,102,-1,-1,-1,-1
270,16,19.0546,102.785,132.28,320.08,-1,-1,-1,-1
270,18,299.09,221.428,30.5087,73.5627,-1,-1,-1,-1
271,7,262.98,198.485,43,104,-1,-1,-1,-1
271,16,3.99204,102.026,134.136,324.696,-1,-1,-1,-1
271,18,297.631,223.17,30.4505,73.3952,-1,-1,-1,-1
272,7,259.14,196.592,43,104,-1,-1,-1,-1
272,19,233,206,34,82,-1,-1,-1,-1
272,16,-10.0705,102.267,134.963,326.835,-1,-1,-1,-1
273,7,256.823,193.64,44,107,-1,-1,-1,-1
273,19,229.315,206.165,34,81,-1,-1,-1,-1
273,16,-24.133,103.509,134.956,326.802,-1,-1,-1,-1
274,7,256.513,193.591,44,106,-1,-1,-1,-1
274,19,226.945,205.418,34,82,-1,-1,-1,-1
274,16,-38.1955,106.75,133.347,322.763,-1,-1,-1,-1
275,7,257.184,192.925,43,105,-1,-1,-1,-1
275,19,225.023,204.538,34,83,-1,-1,-1,-1
275,16,-52.2581,106.992,133.936,324.235,-1,-1,-1,-1
276,7,258.452,191.124,44,107,-1,-1,-1,-1
276,19,222.911,205.748,34,82,-1,-1,-1,-1
276,16,-66.3206,107.233,134.268,325.066,-1,-1,-1,-1
277,7,251.705,180.79,52,125,-1,-1,-1,-1
277,19,217.875,202.121,36,87,-1,-1,-1,-1
278,7,254.391,191.641,41,99,-1,-1,-1,-1
278,19,211.582,201.883,36,86,-1,-1,-1,-1
279,7,247.453,184.658,46,111,-1,-1,-1,-1
279,19,204.999,201.512,35,85,-1,-1,-1,-1
280,7,240.094,181.276,48,115,-1,-1,-1,-1
280,19,196.584,200.926,36,86,-1,-1,-1,-1
281,7,234.283,184.323,45,109,-1,-1,-1,-1
281,19,187.667,199.468,37,89,-1,-1,-1,-1
282,7,228.177,185.846,45,109,-1,-1,-1,-1
282,19,179.829,200.39,37,90,-1,-1,-1,-1
283,7,222.289,187.519,45,110,-1,-1,-1,-1
283,19,171.703,200.538,38,91,-1,-1,-1,-1
284,7,217.496,187.332,46,111,-1,-1,-1,-1
284,19,165.157,200.932,38,92,-1,-1,-1,-1
284,20,199,203,36,87,-1,-1,-1,-1
285,7,214.834,188.441,45,109,-1,-1,-1,-1
285,19,159.677,200.163,39,94,-1,-1,-1,-1
285,20,195.723,205.118,35,86,-1,-1,-1,-1
286,7,212.7,186.018,47,113,-1,-1,-1,-1
286,19,156.665,198.843,40,96,-1,-1,-1,-1
286,20,194.405,206.202,35,84,-1,-1,-1,-1
287,7,212.001,182.225,49,119,-1,-1,-1,-1
287,19,155.039,197.128,40,97,-1,-1,-1,-1
287,20,193.56,203.207,36,87,-1,-1,-1,-1
288,7,213.632,183.06,49,117,-1,-1,-1,-1
288,19,154.275,197.885,40,97,-1,-1,-1,-1
288,20,192.433,203.338,37,88,-1,-1,-1,-1
289,7,215.765,183.96,47,115,-1,-1,-1,-1
289,19,152.539,195.151,42,102,-1,-1,-1,-1
289,20,191.864,201.936,37,89,-1,-1,-1,-1
290,7,215.929,184.204,48,117,-1,-1,-1,-1
290,19,151.237,197.326,41,100,-1,-1,-1,-1
290,20,191.913,204.473,35,85,-1,-1,-1,-1
291,7,215.718,185.692,48,116,-1,-1,-1,-1
291,19,149.115,198.76,40,97,-1,-1,-1,-1
291,20,189.201,200.839,38,93,-1,-1,-1,-1
292,7,215.2,185.006,48,117,-1,-1,-1,-1
292,19,146.607,199.062,40.6,98.6,-1,-1,-1,-1
292,20,186.34,200.633,39,93,-1,-1,-1,-1
293,7,214.881,185.752,48,116,-1,-1,-1,-1
293,19,144.099,199.364,40.72,98.92,-1,-1,-1,-1
293,20,184.379,200.441,39,93,-1,-1,-1,-1
294,7,215.147,186.085,47,113,-1,-1,-1,-1
294,20,182.356,197.847,40,97,-1,-1,-1,-1
294,19,136.191,188.892,49,119,-1,-1,-1,-1
295,7,215.4,184.578,48,116,-1,-1,-1,-1
295,20,181.165,196.976,40,97,-1,-1,-1,-1
295,19,136.804,195.565,43,103,-1,-1,-1,-1
296,7,216.614,186.653,46,112,-1,-1,-1,-1
296,19,134.138,193.371,43,105,-1,-1,-1,-1
296,20,179.589,195.366,41,99,-1,-1,-1,-1
297,7,216.215,185.737,47,114,-1,-1,-1,-1
297,19,130.628,189.153,47,112,-1,-1,-1,-1
297,20,178.565,194.408,42,101,-1,-1,-1,-1
298,7,217.081,186.248,47,113,-1,-1,-1,-1
298,19,130.054,190.203,46,110,-1,-1,-1,-1
298,20,177.603,194.502,42,102,-1,-1,-1,-1
299,7,218.683,189.628,45,108,-1,-1,-1,-1
299,19,128.408,191.192,46,110,-1,-1,-1,-1
299,20,175.672,192.183,44,106,-1,-1,-1,-1
300,7,218.63,188.32,46,112,-1,-1,-1,-1
300,19,126.247,191.406,46,112,-1,-1,-1,-1
300,20,174.751,191.98,44,106,-1,-1,-1,-1
300,21,45,173,52,125,-1,-1,-1,-1
301,7,217.093,185.93,48,116,-1,-1,-1,-1
301,19,125.56,194.418,44,105,-1,-1,-1,-1
301,20,173.257,191.299,45,108,-1,-1,-1,-1
301,21,43.0945,169.84,55,132,-1,-1,-1,-1
302,7,215.657,183.165,49,119,-1,-1,-1,-1
302,19,125.092,193.374,44,107,-1,-1,-1,-1
302,20,173.201,191.132,44,107,-1,-1,-1,-1
302,21,42.6248,168.026,56,136,-1,-1,-1,-1
303,7,215.332,183.592,49,118,-1,-1,-1,-1
303,19,121.587,193.738,44,107,-1,-1,-1,-1
303,20,171.145,190.453,46,110,-1,-1,-1,-1
303,21,42.3177,169.213,55,134,-1,-1,-1,-1
304,7,213.811,183.061,49,119,-1,-1,-1,-1
304,19,120.456,195.275,45,108,-1,-1,-1,-1
304,20,169.664,191.133,46,110,-1,-1,-1,-1
304,21,39.6683,165.843,59,142,-1,-1,-1,-1
305,7,212.299,184.871,49,117,-1,-1,-1,-1
305,19,119.819,196.217,45,109,-1,-1,-1,-1
305,20,167.447,191.487,46,111,-1,-1,-1,-1
305,21,38.3543,164.758,60,145,-1,-1,-1,-1
306,7,209.558,185.465,49,118,-1,-1,-1,-1
306,19,117.869,197.963,46,110,-1,-1,-1,-1
306,20,163.719,191.436,47,114,-1,-1,-1,-1
306,21,33.7201,161.85,63,153,-1,-1,-1,-1
307,7,205.967,186.299,49,118,-1,-1,-1,-1
307,19,112.064,192.782,49,119,-1,-1,-1,-1
307,20,160.237,190.61,48,116,-1,-1,-1,-1
307,21,28.7452,159.603,66,160,-1,-1,-1,-1
308,7,202.279,183.991,50,122,-1,-1,-1,-1
308,19,108.243,192.466,49,119,-1,-1,-1,-1
308,20,155.697,189.636,49,118,-1,-1,-1,-1
308,21,24.6142,158.51,67,163,-1,-1,-1,-1
309,7,198.913,182.266,52,124,-1,-1,-1,-1
309,19,104.509,190.248,50,122,-1,-1,-1,-1
309,20,152.188,187.143,50,121,-1,-1,-1,-1
309,21,22.0773,157.083,69,167,-1,-1,-1,-1
310,7,197.147,181.272,51,123,-1,-1,-1,-1
310,19,100.345,187.856,51,124,-1,-1,-1,-1
310,20,149.054,184.294,52,125,-1,-1,-1,-1
310,21,19.0178,152.966,72,175,-1,-1,-1,-1
311,7,194.95,180.123,51,124,-1,-1,-1,-1
311,19,97.6428,186.709,52,125,-1,-1,-1,-1
311,20,146.658,185.091,51,124,-1,-1,-1,-1
311,21,15.1171,150.352,74,179,-1,-1,-1,-1
311,22,64,187,51,124,-1,-1,-1,-1
312,7,192.412,180.202,51,124,-1,-1,-1,-1
312,19,93.4223,186.093,53,128,-1,-1,-1,-1
312,20,143.042,181.964,54,130,-1,-1,-1,-1
312,21,11.608,148.977,74,180,-1,-1,-1,-1
312,22,59.9419,183.816,52,127,-1,-1,-1,-1
313,7,188.193,177.773,54,130,-1,-1,-1,-1
313,19,90.2468,185.419,54,130,-1,-1,-1,-1
313,20,140.687,182.193,54,131,-1,-1,-1,-1
313,21,5.55971,143.258,80,192,-1,-1,-1,-1
313,22,56.5896,187.648,50,121,-1,-1,-1,-1
314,7,185.926,180.676,52,125,-1,-1,-1,-1
314,19,86.5499,185.105,55,132,-1,-1,-1,-1
314,20,137.523,182.674,55,132,-1,-1,-1,-1
314,21,5.82014,150.13,73.8,178.6,-1,-1,-1,-1
314,22,52.2374,188.48,50.6,122.4,-1,-1,-1,-1
315,7,181.232,180.347,53,127,-1,-1,-1,-1
315,19,83.3435,185.034,55,133,-1,-1,-1,-1
315,20,135.622,183.418,54,132,-1,-1,-1,-1
315,21,3.08056,149.003,74.76,180.92,-1,-1,-1,-1
315,22,47.8852,189.311,50.72,122.88,-1,-1,-1,-1
316,7,175.963,179.805,53,129,-1,-1,-1,-1
316,19,80.1853,184.244,56,135,-1,-1,-1,-1
316,20,132.037,183.046,55,132,-1,-1,-1,-1
316,21,-0.659012,147.875,75.312,182.104,-1,-1,-1,-1
316,22,43.533,189.143,50.864,123.456,-1,-1,-1,-1
317,7,170.889,180.089,54,130,-1,-1,-1,-1
317,19,77.0735,184.47,55,133,-1,-1,-1,-1
317,20,128.268,179.71,57,137,-1,-1,-1,-1
317,21,-3.39859,147.747,75.5744,182.725,-1,-1,-1,-1
317,22,27.9167,173.738,61,148,-1,-1,-1,-1
318,7,166.054,180.672,54,129,-1,-1,-1,-1
318,19,71.569,179.423,59,142,-1,-1,-1,-1
318,20,125.367,180.299,57,137,-1,-1,-1,-1
318,22,21.7463,173.933,61,147,-1,-1,-1,-1
318,23,204,201,39,94,-1,-1,-1,-1
318,21,-6.13816,146.619,75.8893,183.27,-1,-1,-1,-1
319,7,161.022,181.041,53,129,-1,-1,-1,-1
319,19,66.486,176.227,60,145,-1,-1,-1,-1
319,20,121.515,178.852,58,140,-1,-1,-1,-1
319,22,12.9281,171.569,62,151,-1,-1,-1,-1
319,23,201.393,201.032,39,94,-1,-1,-1,-1
319,21,-8.87773,147.491,75.0671,181.524,-1,-1,-1,-1
320,7,154.154,179.814,54,131,-1,-1,-1,-1
320,19,60.7104,175.401,60,146,-1,-1,-1,-1
320,20,116.419,177.497,59,142,-1,-1,-1,-1
320,22,8.70497,178.581,57.1168,138.467,-1,-1,-1,-1
320,23,198.645,199.534,40,97,-1,-1,-1,-1
320,21,-11.6173,147.363,75.3206,182.108,-1,-1,-1,-1
321,7,148.285,182.021,52,127,-1,-1,-1,-1
321,19,53.515,173.885,61,147,-1,-1,-1,-1
321,20,110.898,177.101,59,143,-1,-1,-1,-1
321,23,196.188,200.935,40,96,-1,-1,-1,-1
321,21,-14.3569,147.235,75.4327,182.346,-1,-1,-1,-1
321,22,2.48184,176.594,58.3962,141.585,-1,-1,-1,-1
322,7,137.926,180.703,54,130,-1,-1,-1,-1
322,19,43.9434,169.741,63,153,-1,-1,-1,-1
322,20,102.097,174.686,61,148,-1,-1,-1,-1
322,23,192.122,201.709,39,95,-1,-1,-1,-1
322,22,-4.74129,174.606,59.9026,145.21,-1,-1,-1,-1
323,7,126.703,179.007,55,132,-1,-1,-1,-1
323,19,33.7332,166.274,64,156,-1,-1,-1,-1
323,20,92.602,171.505,63,151,-1,-1,-1,-1
323,23,187.298,200.403,41,98,-1,-1,-1,-1
323,22,-10.9644,175.619,59.6831,144.652,-1,-1,-1,-1
324,7,116.313,174.491,58,140,-1,-1,-1,-1
324,19,23.6596,163.603,65,157,-1,-1,-1,-1
324,20,85.0694,170.222,63,152,-1,-1,-1,-1
324,23,182.687,196.749,43,103,-1,-1,-1,-1
324,24,268,208,25,59,-1,-1,-1,-1
324,22,-17.1875,175.631,59.4197,144.183,-1,-1,-1,-1
325,7,109.544,176.14,56,136,-1,-1,-1,-1
325,19,14.5976,160.446,68,164,-1,-1,-1,-1
325,20,77.3849,167.213,65,158,-1,-1,-1,-1
325,23,180.693,198.158,42,102,-1,-1,-1,-1
325,24,264.544,208.357,25,60,-1,-1,-1,-1
325,22,-22.4107,176.643,58.9037,142.82,-1,-1,-1,-1
326,7,103.027,176.06,55,133,-1,-1,-1,-1
326,19,6.78771,158.11,69,167,-1,-1,-1,-1
326,20,70.8147,163.869,67,163,-1,-1,-1,-1
326,23,177.166,196.057,44,106,-1,-1,-1,-1
326,24,263.071,206.992,26,62,-1,-1,-1,-1
326,22,-29.6338,175.656,59.2611,143.69,-1,-1,-1,-1
327,7,97.1037,177.617,54,131,-1,-1,-1,-1
327,19,0.904498,158.754,70,169,-1,-1,-1,-1
327,20,65.0644,161.986,70,169,-1,-1,-1,-1
327,23,174.263,193.722,47,113,-1,-1,-1,-1
327,24,262.083,208.731,25,60,-1,-1,-1,-1
328,7,92.5506,180.665,52,125,-1,-1,-1,-1
328,19,0.220477,178.261,59,143,-1,-1,-1,-1
328,20,59.8689,162.293,71,172,-1,-1,-1,-1
328,23,174.077,194.372,47,115,-1,-1,-1,-1
328,24,259.244,208.663,25.2,60.4,-1,-1,-1,-1
329,7,84.9606,176.03,57,137,-1,-1,-1,-1
329,19,-9.44466,171.949,66.2,160,-1,-1,-1,-1
329,20,55.1475,163.238,71,172,-1,-1,-1,-1
329,23,173.32,194.935,49,117,-1,-1,-1,-1
329,24,260.221,208.83,25,60,-1,-1,-1,-1
330,7,81.9878,180.039,55,132,-1,-1,-1,-1
330,20,50.4072,165.162,71,171,-1,-1,-1,-1
330,23,172.913,194.813,50,121,-1,-1,-1,-1
330,25,596,199,33,79,-1,-1,-1,-1
330,19,-16.1098,173.638,66.44,160.6,-1,-1,-1,-1
330,24,258.323,208.82,25.24,60.48,-1,-1,-1,-1
331,7,76.0655,177.159,58,139,-1,-1,-1,-1
331,20,44.6253,162.609,73,177,-1,-1,-1,-1
331,23,170.514,193.589,52,126,-1,-1,-1,-1
331,26,155,207,28,67,-1,-1,-1,-1
331,19,-22.7749,175.326,66.128,159.92,-1,-1,-1,-1
331,24,256.425,208.81,25.288,60.576,-1,-1,-1,-1
331,25,595.598,201.122,31,75,-1,-1,-1,-1
332,7,66.0599,171.191,64,155,-1,-1,-1,-1
332,20,39.7938,163.655,73,177,-1,-1,-1,-1
332,23,168.227,191.824,54,131,-1,-1,-1,-1
332,26,154.704,207.42,28.2,68,-1,-1,-1,-1
332,19,-29.4401,178.014,65.5536,158.504,-1,-1,-1,-1
332,24,254.527,208.8,25.1456,60.2912,-1,-1,-1,-1
332,25,595.092,199.584,32,78,-1,-1,-1,-1
333,7,62.108,178.561,59,143,-1,-1,-1,-1
333,20,34.0496,164.154,74,180,-1,-1,-1,-1
333,23,166.036,191.41,56,136,-1,-1,-1,-1
333,25,594.528,198.311,32,78,-1,-1,-1,-1
333,26,154.002,208.034,28.44,68.4,-1,-1,-1,-1
333,19,-35.1052,180.702,64.6643,156.405,-1,-1,-1,-1
333,24,252.629,208.791,25.1747,60.3494,-1,-1,-1,-1
334,7,57.2155,180.689,58.6,141.2,-1,-1,-1,-1
334,20,27.0699,163.97,76,183,-1,-1,-1,-1
334,23,163.492,190.813,58,139,-1,-1,-1,-1
334,25,591.811,191.032,37,90,-1,-1,-1,-1
334,26,153.3,208.648,28.328,68.28,-1,-1,-1,-1
334,24,250.731,208.781,25.1697,60.3393,-1,-1,-1,-1
335,7,51.3231,181.816,58.92,142.04,-1,-1,-1,-1
335,20,21.2504,162.692,77,187,-1,-1,-1,-1
335,23,161.556,189.632,59,143,-1,-1,-1,-1
335,26,152.599,209.262,28.3936,68.336,-1,-1,-1,-1
335,24,248.834,208.771,25.2036,60.4072,-1,-1,-1,-1
335,25,592.794,195.365,33,80,-1,-1,-1,-1
336,20,15.0101,162.884,79,190,-1,-1,-1,-1
336,23,159.781,190.022,60,144,-1,-1,-1,-1
336,7,44.4306,181.944,59.704,144.048,-1,-1,-1,-1
336,25,591.778,194.697,33,80.2,-1,-1,-1,-1
336,26,151.897,209.876,28.2723,68.0032,-1,-1,-1,-1
337,20,9.57584,165.439,78,188,-1,-1,-1,-1
337,23,154.952,184.689,64,154,-1,-1,-1,-1
337,24,256.2,211.041,25,61,-1,-1,-1,-1
337,7,38.5382,182.071,60.0448,145.058,-1,-1,-1,-1
337,25,590.883,202.411,29,69,-1,-1,-1,-1
337,26,151.195,210.49,28.3268,68.2038,-1,-1,-1,-1
338,20,6.0059,172.118,74,180,-1,-1,-1,-1
338,23,150.951,183.867,64,153,-1,-1,-1,-1
338,24,255.354,210.306,25,61,-1,-1,-1,-1
338,7,32.6458,184.199,59.2538,143.069,-1,-1,-1,-1
338,25,589.217,200.237,30,73,-1,-1,-1,-1
338,26,150.494,211.104,28.3521,68.2446,-1,-1,-1,-1
339,20,1.97818,175.727,74,178,-1,-1,-1,-1
339,23,144.6,179.178,67,162,-1,-1,-1,-1
339,24,255.296,210.801,25,60,-1,-1,-1,-1
339,7,26.7533,185.327,59.3045,143.083,-1,-1,-1,-1
339,25,586.731,198.26,32.4,78.44,-1,-1,-1,-1
339,26,149.792,211.718,28.3346,68.2135,-1,-1,-1,-1
340,20,-4.16426,174.635,76.4,184.6,-1,-1,-1,-1
340,23,140.09,178.646,67,162,-1,-1,-1,-1
340,24,255.348,208.422,26,63,-1,-1,-1,-1
340,7,20.8609,186.454,59.4454,143.46,-1,-1,-1,-1
340,25,587.844,202.119,29,70,-1,-1,-1,-1
340,26,149.091,212.332,28.3359,68.2002,-1,-1,-1,-1
341,20,-9.3067,176.543,76.28,184.12,-1,-1,-1,-1
341,23,132.848,167.267,76,184,-1,-1,-1,-1
341,24,255.461,208.714,26,62,-1,-1,-1,-1
341,7,14.9684,187.582,59.5505,143.743,-1,-1,-1,-1
341,26,148.389,212.946,28.3243,68.1731,-1,-1,-1,-1
342,20,-14.4491,179.45,75.736,182.944,-1,-1,-1,-1
342,23,128.161,161.588,80,194,-1,-1,-1,-1
342,24,256.035,208.228,26,62,-1,-1,-1,-1
343,23,123.871,156.132,84,203,-1,-1,-1,-1
343,24,256.034,206.929,26,63,-1,-1,-1,-1
343,20,-19.5916,181.358,75.2832,181.933,-1,-1,-1,-1
344,23,115.112,143.129,93,225,-1,-1,-1,-1
344,24,256.029,207.331,26,62,-1,-1,-1,-1
344,20,-24.734,183.266,75.5398,182.319,-1,-1,-1,-1
345,23,102.227,127.577,103,250,-1,-1,-1,-1
345,24,255.023,203.519,28,67,-1,-1,-1,-1
345,20,-29.8764,184.173,75.8478,183.183,-1,-1,-1,-1
346,23,90.5499,118.566,109,264,-1,-1,-1,-1
346,24,256.029,204.998,26.4,63.2,-1,-1,-1,-1
346,20,-35.0189,187.081,75.7374,182.9,-1,-1,-1,-1
347,23,81.3687,117.518,111,268,-1,-1,-1,-1
347,20,-40.1613,188.989,75.6288,182.656,-1,-1,-1,-1
347,24,254.015,200.207,29,71,-1,-1,-1,-1
348,23,72.0001,119.066,112,271,-1,-1,-1,-1
348,24,254.523,202.775,28,67,-1,-1,-1,-1
349,23,57.5855,119.813,117,282,-1,-1,-1,-1
349,24,253.77,203.712,27,66,-1,-1,-1,-1
350,23,44.2777,113.23,126,305,-1,-1,-1,-1
350,24,253.273,204.577,27,65,-1,-1,-1,-1
351,23,25.7644,109.305,133,321,-1,-1,-1,-1
351,24,252.96,205.225,27,66,-1,-1,-1,-1
352,23,9.00541,99.8216,143,345,-1,-1,-1,-1
352,24,252.788,206.117,27,65,-1,-1,-1,-1
352,27,169,198,33,80,-1,-1,-1,-1
353,23,7.3521,123.791,126.2,304.8,-1,-1,-1,-1
353,24,252.715,207.162,27,65,-1,-1,-1,-1
353,25,588.319,203.556,28,68,-1,-1,-1,-1
353,26,150.234,203.456,28,67,-1,-1,-1,-1
353,27,168.598,200.44,32,77,-1,-1,-1,-1
354,23,-5.30121,122.76,129.04,311.56,-1,-1,-1,-1
354,24,252.276,206.989,27,65,-1,-1,-1,-1
354,25,587.215,200.876,30,71,-1,-1,-1,-1
354,26,149.008,202.155,29,70,-1,-1,-1,-1
354,27,167.647,204.612,29,71,-1,-1,-1,-1
355,24,252.426,207.339,27,64,-1,-1,-1,-1
355,25,587.139,200.422,30,72,-1,-1,-1,-1
355,26,148.891,202.477,29,69,-1,-1,-1,-1
355,27,164.546,200.341,33,79,-1,-1,-1,-1
355,23,-16.9545,122.729,131.448,317.472,-1,-1,-1,-1
356,24,252.147,205.378,27,66,-1,-1,-1,-1
356,25,586.078,196.662,32,77,-1,-1,-1,-1
356,26,149.701,203.449,28.2134,67.9521,-1,-1,-1,-1
356,27,163.536,198.712,33,80,-1,-1,-1,-1
356,23,-27.6078,124.698,132.538,319.966,-1,-1,-1,-1
357,24,251.971,205.101,27,66,-1,-1,-1,-1
357,25,585.945,196.068,33,79,-1,-1,-1,-1
357,27,160.579,192.51,37,90,-1,-1,-1,-1
357,28,190,199,33,80,-1,-1,-1,-1
357,23,-38.2611,127.667,132.445,319.76,-1,-1,-1,-1
357,26,149.512,203.42,28.456,68.3425,-1,-1,-1,-1
358,24,251.875,202.5,28,69,-1,-1,-1,-1
358,25,588.188,198.922,30.6,73.4,-1,-1,-1,-1
358,27,159.216,189.791,38,92,-1,-1,-1,-1
358,28,190.246,202.455,31,74,-1,-1,-1,-1
358,23,-47.9144,133.636,130.334,314.712,-1,-1,-1,-1
358,26,149.322,203.392,28.5339,68.4589,-1,-1,-1,-1
359,24,252.7,203.099,28,67,-1,-1,-1,-1
359,27,156.986,188.042,39,94,-1,-1,-1,-1
359,23,-59.5678,135.606,131.161,316.694,-1,-1,-1,-1
359,25,587.431,198.777,31.12,74.48,-1,-1,-1,-1
359,26,149.132,203.364,28.6407,68.7507,-1,-1,-1,-1
359,28,192.08,202.488,28.6,69,-1,-1,-1,-1
360,24,253.323,202.427,28,68,-1,-1,-1,-1
360,27,156.289,186.179,39,95,-1,-1,-1,-1
360,28,193.219,208.452,27,66,-1,-1,-1,-1
360,23,-70.2211,137.575,131.585,317.721,-1,-1,-1,-1
360,25,587.674,197.632,31.344,75.176,-1,-1,-1,-1
360,26,148.943,203.335,28.5688,68.5008,-1,-1,-1,-1
361,24,253.757,202.995,28,66,-1,-1,-1,-1
361,27,155.113,187.1,39,94,-1,-1,-1,-1
361,28,193.693,209.519,28,67,-1,-1,-1,-1
361,25,587.917,197.487,31.6128,75.8112,-1,-1,-1,-1
361,26,148.753,203.307,28.4825,68.401,-1,-1,-1,-1
362,24,253.601,202.182,28,67,-1,-1,-1,-1
362,27,153.135,187.595,39,93,-1,-1,-1,-1
362,28,191.502,203.892,32,78,-1,-1,-1,-1
362,25,588.16,197.341,31.5354,75.5734,-1,-1,-1,-1
362,26,148.563,203.279,28.5364,68.4908,-1,-1,-1,-1
363,24,252.872,199.386,30,73,-1,-1,-1,-1
363,27,150.58,187.044,39,95,-1,-1,-1,-1
363,28,190.791,202.904,33,80,-1,-1,-1,-1
363,25,588.403,198.196,31.2424,74.8881,-1,-1,-1,-1
364,24,253.042,200.575,29,71,-1,-1,-1,-1
364,27,147.076,185.845,41,99,-1,-1,-1,-1
364,28,188.978,197.922,37,89,-1,-1,-1,-1
364,25,588.646,197.051,31.3709,75.1858,-1,-1,-1,-1
365,24,253.133,201.733,29,70,-1,-1,-1,-1
365,27,144.662,185.005,42,101,-1,-1,-1,-1
365,28,189.221,199.941,36,86,-1,-1,-1,-1
366,24,253.737,202.854,28,68,-1,-1,-1,-1
366,27,142.348,185.527,42,102,-1,-1,-1,-1
366,28,186.779,197.958,37,89,-1,-1,-1,-1
367,24,253.856,203.941,28,66,-1,-1,-1,-1
367,27,139.129,182.448,44,107,-1,-1,-1,-1
367,28,185.748,199.407,37,88,-1,-1,-1,-1
368,24,253.941,203.429,28,67,-1,-1,-1,-1
368,27,137.421,184.35,43,104,-1,-1,-1,-1
368,28,184.073,195.866,39,94,-1,-1,-1,-1
369,24,253.861,202.774,29,69,-1,-1,-1,-1
369,27,135.656,184.117,43,105,-1,-1,-1,-1
369,28,182.816,193.022,40,98,-1,-1,-1,-1
370,24,254.951,202.565,29,70,-1,-1,-1,-1
370,27,134.262,184.522,44,107,-1,-1,-1,-1
370,28,179.573,188.989,43,104,-1,-1,-1,-1
371,24,256.559,201.811,29,71,-1,-1,-1,-1
371,27,132.462,186.112,43.2,105,-1,-1,-1,-1
371,28,175.07,184.151,47,113,-1,-1,-1,-1
372,24,258.076,200.973,30,73,-1,-1,-1,-1
372,27,130.662,186.702,43.44,105.6,-1,-1,-1,-1
372,28,172.538,185.343,47,112,-1,-1,-1,-1
373,24,259.48,202.069,29,71,-1,-1,-1,-1
373,27,128.862,187.292,43.328,105.32,-1,-1,-1,-1
373,28,171.214,182.099,49,118,-1,-1,-1,-1
374,24,260.339,200.682,30,73,-1,-1,-1,-1
374,27,129.059,183.927,45,108,-1,-1,-1,-1
374,28,168.217,179.516,50,121,-1,-1,-1,-1
375,24,260.786,200.382,30,73,-1,-1,-1,-1
375,27,125.322,178.895,47,115,-1,-1,-1,-1
375,28,164.091,181.555,49,118,-1,-1,-1,-1
376,24,260.947,201.598,29,71,-1,-1,-1,-1
376,27,122.887,178.288,49,118,-1,-1,-1,-1
376,28,162.379,184.36,48,115,-1,-1,-1,-1
377,24,261.357,202.336,29,69,-1,-1,-1,-1
377,27,121.213,176.686,50,120,-1,-1,-1,-1
377,28,157.498,181.834,51,122,-1,-1,-1,-1
378,24,260.548,200.148,31,74,-1,-1,-1,-1
378,27,119.942,178.136,48,117,-1,-1,-1,-1
378,28,156.506,186.285,48,117,-1,-1,-1,-1
379,24,261.023,199.023,31,75,-1,-1,-1,-1
379,27,117.108,178.061,49,117,-1,-1,-1,-1
379,28,152.018,186.567,49,119,-1,-1,-1,-1
380,24,261.29,198.517,31,75,-1,-1,-1,-1
380,27,113.753,175.447,51,123,-1,-1,-1,-1
380,28,150.484,191.644,47,114,-1,-1,-1,-1
381,24,261.407,198.168,31,75,-1,-1,-1,-1
381,27,109.718,177.039,51,123,-1,-1,-1,-1
381,28,146.378,188.12,50,122,-1,-1,-1,-1
382,24,261.993,198.95,30,73,-1,-1,-1,-1
382,27,103.807,172.304,55,133,-1,-1,-1,-1
382,28,143.273,189.689,50,120,-1,-1,-1,-1
383,24,262.071,199.265,30,73,-1,-1,-1,-1
383,27,97.6425,168.852,59,142,-1,-1,-1,-1
383,28,136.748,179.769,56,136,-1,-1,-1,-1
384,24,262.972,200.531,30,72,-1,-1,-1,-1
384,26,180.894,200.457,29,70,-1,-1,-1,-1
384,27,94.6543,167.613,60,145,-1,-1,-1,-1
384,28,131.226,171.933,61,146,-1,-1,-1,-1
385,24,265.335,202.602,29,70,-1,-1,-1,-1
385,26,184.366,202.328,28,68,-1,-1,-1,-1
385,27,88.2693,163.091,65,156,-1,-1,-1,-1
385,28,128.157,170.448,62,149,-1,-1,-1,-1
386,24,267.858,203.377,29,70,-1,-1,-1,-1
386,26,186.848,203.805,28,67,-1,-1,-1,-1
386,27,85.7484,160.649,67,163,-1,-1,-1,-1
386,28,126.26,169.493,63,152,-1,-1,-1,-1
387,24,270.411,202.891,30,71,-1,-1,-1,-1
387,26,190.161,204.316,28,67,-1,-1,-1,-1
387,27,85.585,163.423,68,164,-1,-1,-1,-1
387,28,123.781,166.443,66,160,-1,-1,-1,-1
387,29,359,203,29,70,-1,-1,-1,-1
388,24,271.914,201.764,31,74,-1,-1,-1,-1
388,26,192.663,205.562,28,66,-1,-1,-1,-1
388,27,83.1699,163.305,70,168,-1,-1,-1,-1
388,28,116.061,157.871,73,176,-1,-1,-1,-1
388,29,362.524,204.76,28,68,-1,-1,-1,-1
389,24,273.896,201.601,31,74,-1,-1,-1,-1
389,26,194.983,204.193,28,68,-1,-1,-1,-1
389,27,83.2971,168.803,66,159.2,-1,-1,-1,-1
389,28,107.381,151.146,77,185,-1,-1,-1,-1
389,29,365.463,205.586,28,66,-1,-1,-1,-1
390,24,275.467,200.436,31,75,-1,-1,-1,-1
390,26,196.729,203.411,28,68,-1,-1,-1,-1
390,27,80.4242,169.301,67.2,162.04,-1,-1,-1,-1
390,28,99.4894,150.776,77,186,-1,-1,-1,-1
390,29,368.727,204.824,28.2,67.8,-1,-1,-1,-1
391,24,276.735,200.291,31,75,-1,-1,-1,-1
391,26,197.934,201.239,29,71,-1,-1,-1,-1
391,27,78.5514,169.8,67.64,163.248,-1,-1,-1,-1
391,28,91.058,146.024,81,196,-1,-1,-1,-1
391,29,371.991,205.062,28.04,67.36,-1,-1,-1,-1
392,24,278.232,200.174,31,76,-1,-1,-1,-1
392,26,201.059,203.113,28,68,-1,-1,-1,-1
392,28,84.8644,142.985,83,200,-1,-1,-1,-1
392,27,76.6786,171.298,67.768,163.298,-1,-1,-1,-1
392,29,375.256,205.3,28.248,67.832,-1,-1,-1,-1
393,24,280.487,201.951,30,73,-1,-1,-1,-1
393,26,203.555,204.461,27,66,-1,-1,-1,-1
393,28,78.9063,142.871,84,203,-1,-1,-1,-1
393,29,374.775,204.119,29,69,-1,-1,-1,-1
393,27,74.8058,172.797,67.7216,163.157,-1,-1,-1,-1
394,24,281.87,199.653,32,77,-1,-1,-1,-1
394,26,206.186,202.722,29,69,-1,-1,-1,-1
394,28,73.5509,138.857,86,207,-1,-1,-1,-1
394,29,378.509,205.276,28.2976,67.5984,-1,-1,-1,-1
394,27,72.933,175.295,67.2659,162.189,-1,-1,-1,-1
395,24,283.79,199.406,32,78,-1,-1,-1,-1
395,26,209.328,202.472,29,69,-1,-1,-1,-1
395,28,69.6573,141.966,84,203,-1,-1,-1,-1
395,27,71.0601,176.794,67.5191,162.786,-1,-1,-1,-1
395,29,381.243,205.433,28.3571,67.9181,-1,-1,-1,-1
396,24,283.473,196.353,34,82,-1,-1,-1,-1
396,26,213.1,203.481,28.4,68.6,-1,-1,-1,-1
396,28,63.3264,143.999,85,206,-1,-1,-1,-1
396,27,69.1873,178.292,67.5829,162.936,-1,-1,-1,-1
396,29,383.977,205.59,28.3885,67.9417,-1,-1,-1,-1
397,24,283.117,194.162,35,84,-1,-1,-1,-1
397,28,59.3708,154.927,80,192,-1,-1,-1,-1
397,26,215.872,203.49,28.28,68.12,-1,-1,-1,-1
397,27,67.3145,179.79,67.5715,162.873,-1,-1,-1,-1
397,29,386.711,205.747,28.4583,68.058,-1,-1,-1,-1
398,24,284.35,195.211,34,82,-1,-1,-1,-1
398,28,52.6814,163.668,77,186,-1,-1,-1,-1
398,26,218.644,203.5,28.336,68.144,-1,-1,-1,-1
398,29,389.444,205.904,28.5003,68.1032,-1,-1,-1,-1
399,24,284.754,196.333,33,80,-1,-1,-1,-1
399,28,44.4703,160.469,82.4,198.8,-1,-1,-1,-1
399,26,216.293,201.122,29,71,-1,-1,-1,-1
399,29,394.783,207.364,25,60,-1,-1,-1,-1
400,24,286.19,197.346,33,79,-1,-1,-1,-1
400,29,397.445,204.608,27,65,-1,-1,-1,-1
400,26,219.651,204.025,27,65,-1,-1,-1,-1
400,28,28.7255,145.73,94,226,-1,-1,-1,-1
